838,250,0
707,250,0
471,250,0
928,250,0
175,250,0
100,250,0
261,249,0
209,249,0
702,249,0
897,249,0
738,249,0
892,249,0
523,249,0
423,249,0
799,249,0
995,249,0
627,249,0
814,249,0
382,249,0
552,249,0
845,249,0
803,249,0
642,249,0
578,249,0
676,249,0
766,249,0
662,249,0
691,249,0
501,249,0
576,249,0
615,249,0
151,249,0
849,249,0
954,249,0
417,249,0
786,249,0
174,249,0
191,249,0
623,249,0
613,249,0
658,249,0
920,249,0
850,249,0
154,249,0
589,249,0
78,249,0
257,249,0
757,249,0
577,249,0
520,249,0
185,249,0
877,249,0
207,249,0
409,249,0
355,249,0
252,249,0
978,249,0
360,249,0
533,249,0
201,249,0
322,249,0
595,249,0
728,249,0
543,249,0
237,249,0
302,249,0
618,249,0
512,249,0
39,249,0
324,249,0
637,249,0
500,249,0
549,249,0
825,249,0
445,249,0
747,249,0
217,249,0
483,249,0
951,249,0
660,249,0
386,249,0
307,249,0
321,249,0
705,249,0
416,249,0
494,249,0
69,248,0
264,248,0
866,248,0
772,248,0
402,248,0
742,248,0
346,248,0
943,248,0
622,248,0
856,248,0
913,248,0
621,248,0
167,248,0
940,248,0
532,248,0
160,248,0
605,248,0
486,248,0
540,248,0
955,248,0
308,248,0
259,248,0
466,248,0
467,248,0
859,248,0
706,248,0
837,248,0
604,248,0
434,248,0
519,248,0
511,248,0
293,248,0
187,248,0
363,248,0
449,248,0
633,248,0
794,248,0
59,248,0
284,248,0
726,248,0
573,248,0
979,248,0
85,248,0
130,248,0
268,248,0
292,248,0
641,248,0
843,248,0
999,248,0
4,248,0
205,248,0
425,248,0
583,248,0
117,248,0
285,248,0
287,248,0
617,248,0
358,248,0
668,248,0
903,248,0
606,248,0
109,248,0
306,248,0
782,248,0
464,248,0
461,248,0
332,248,0
370,248,0
337,248,0
340,248,0
818,248,0
44,248,0
778,248,0
244,248,0
184,248,0
42,248,0
279,248,0
910,248,0
881,248,0
925,248,0
921,248,0
236,248,0
331,248,0
43,248,0
788,248,0
919,248,0
797,248,0
862,248,0
890,248,0
885,248,0
574,248,0
701,248,0
883,248,0
972,248,0
475,248,0
479,248,0
16,248,0
29,248,0
110,248,0
689,248,0
679,248,0
579,248,0
956,248,0
238,248,0
884,248,0
981,248,0
312,248,0
842,248,0
753,248,0
463,248,0
126,248,0
392,248,0
90,248,0
453,248,0
754,248,0
470,248,0
905,248,0
846,248,0
678,248,0
93,248,0
514,248,0
28,248,0
677,248,0
887,248,0
626,248,0
440,248,0
159,248,0
597,248,0
384,248,0
840,248,0
946,248,0
387,248,0
873,248,0
388,248,0
834,248,0
277,248,0
620,248,0
296,248,0
687,248,0
780,248,0
212,248,0
79,248,0
247,248,0
746,248,0
949,248,0
787,248,0
195,248,0
216,248,0
598,248,0
230,248,0
745,248,0
26,248,0
23,248,0
114,248,0
192,248,0
783,248,0
870,248,0
619,248,0
516,248,0
24,248,0
459,248,0
974,248,0
381,248,0
848,248,0
805,248,0
349,248,0
971,248,0
148,248,0
89,248,0
680,248,0
535,248,0
374,248,0
300,248,0
394,248,0
798,248,0
357,248,0
739,248,0
538,248,0
62,248,0
931,248,0
959,248,0
696,248,0
437,248,0
587,248,0
724,248,0
40,248,0
352,248,0
984,248,0
756,248,0
325,248,0
495,248,0
375,248,0
451,248,0
810,248,0
258,248,0
92,248,0
272,248,0
12,248,0
186,248,0
450,248,0
393,248,0
446,248,0
111,248,0
625,248,0
659,248,0
924,248,0
681,248,0
168,248,0
836,248,0
249,248,0
53,248,0
189,248,0
513,248,0
733,248,0
663,248,0
231,248,0
667,248,0
295,248,0
91,248,0
894,248,0
970,248,0
389,248,0
942,248,0
684,248,0
27,248,0
448,248,0
976,248,0
356,248,0
64,248,0
876,248,0
25,248,0
644,248,0
197,248,0
977,248,0
804,248,0
582,248,0
645,248,0
505,248,0
944,248,0
991,248,0
336,248,0
567,248,0
181,248,0
813,248,0
480,248,0
711,248,0
497,248,0
854,248,0
900,248,0
123,248,0
962,248,0
371,248,0
561,248,0
119,248,0
665,248,0
208,248,0
253,248,0
685,248,0
628,248,0
333,248,0
499,248,0
560,248,0
734,248,0
188,248,0
896,248,0
530,248,0
986,248,0
182,248,0
377,248,0
869,248,0
581,248,0
555,248,0
864,248,0
198,248,0
415,248,0
524,248,0
880,248,0
575,248,0
256,248,0
103,248,0
712,248,0
612,248,0
914,248,0
263,248,0
664,248,0
297,248,0
157,248,0
107,248,0
824,248,0
95,248,0
271,248,0
762,248,0
927,248,0
857,248,0
608,248,0
975,248,0
686,248,0
55,248,0
982,248,0
399,248,0
704,248,0
675,248,0
542,248,0
502,248,0
791,248,0
37,248,0
444,248,0
454,248,0
327,248,0
926,248,0
145,248,0
811,248,0
153,248,0
309,248,0
990,248,0
671,248,0
908,248,0
291,248,0
504,248,0
275,248,0
338,248,0
260,248,0
81,248,0
912,248,0
158,248,0
427,248,0
503,248,0
865,248,0
941,248,0
10,248,0
368,248,0
233,248,0
922,248,0
6,248,0
789,248,0
97,248,0
106,248,0
750,248,0
489,248,0
140,248,0
124,248,0
765,248,0
610,248,0
879,248,0
735,248,0
412,248,0
752,248,0
344,248,0
193,248,0
895,248,0
70,248,0
807,248,0
515,248,0
992,248,0
424,248,0
137,248,0
190,248,0
405,248,0
178,248,0
773,248,0
784,248,0
77,248,0
102,248,0
222,248,0
507,248,0
170,248,0
362,248,0
692,248,0
558,248,0
855,248,0
435,248,0
125,248,0
847,248,0
648,248,0
422,248,0
795,248,0
270,248,0
630,248,0
385,248,0
229,248,0
172,248,0
290,248,0
639,248,0
545,248,0
835,248,0
455,248,0
961,248,0
165,248,0
832,248,0
401,248,0
7,248,0
988,248,0
138,248,0
785,248,0
655,248,0
672,248,0
965,248,0
933,247,0
473,247,0
1,247,0
128,247,0
403,247,0
113,247,0
474,247,0
536,247,0
274,247,0
313,247,0
822,247,0
57,247,0
143,247,0
421,247,0
710,247,0
373,247,0
777,247,0
841,247,0
288,247,0
38,247,0
328,247,0
104,247,0
647,247,0
929,247,0
265,247,0
650,247,0
624,247,0
829,247,0
232,247,0
609,247,0
235,247,0
320,247,0
611,247,0
347,247,0
690,247,0
150,247,0
768,247,0
491,247,0
867,247,0
251,247,0
49,247,0
241,247,0
899,247,0
915,247,0
718,247,0
930,247,0
643,247,0
432,247,0
56,247,0
938,247,0
152,247,0
162,247,0
105,247,0
586,247,0
557,247,0
246,247,0
909,247,0
224,247,0
267,247,0
179,247,0
365,247,0
759,247,0
414,247,0
963,247,0
640,247,0
116,247,0
133,247,0
989,247,0
902,247,0
134,247,0
547,247,0
82,247,0
723,247,0
443,247,0
603,247,0
329,247,0
993,247,0
509,247,0
17,247,0
932,247,0
997,247,0
239,247,0
907,247,0
343,247,0
498,247,0
299,247,0
240,247,0
821,247,0
590,247,0
729,247,0
882,247,0
758,247,0
792,247,0
969,247,0
323,247,0
376,247,0
426,247,0
490,247,0
889,247,0
456,247,0
120,247,0
380,247,0
570,247,0
248,247,0
75,247,0
9,247,0
906,247,0
273,247,0
311,247,0
703,247,0
600,247,0
695,247,0
304,247,0
460,247,0
967,247,0
166,247,0
719,247,0
566,247,0
518,247,0
817,247,0
602,247,0
316,247,0
390,247,0
482,247,0
539,247,0
683,247,0
569,247,0
800,247,0
565,247,0
66,247,0
276,247,0
115,247,0
852,247,0
398,247,0
769,247,0
649,247,0
2,247,0
147,247,0
948,247,0
741,247,0
254,247,0
631,247,0
348,247,0
76,247,0
282,247,0
262,247,0
183,247,0
875,247,0
305,247,0
161,247,0
18,247,0
634,247,0
22,247,0
591,247,0
826,247,0
809,247,0
510,247,0
592,247,0
666,247,0
142,247,0
74,247,0
339,247,0
548,247,0
8,247,0
19,247,0
851,247,0
458,247,0
488,247,0
452,247,0
985,247,0
669,247,0
585,247,0
200,247,0
571,247,0
541,247,0
964,247,0
950,247,0
973,247,0
872,247,0
46,247,0
828,247,0
521,247,0
96,247,0
326,247,0
874,247,0
54,247,0
379,247,0
61,247,0
245,247,0
599,247,0
404,247,0
122,247,0
917,247,0
383,247,0
400,247,0
431,247,0
893,247,0
269,247,0
52,247,0
310,247,0
790,247,0
740,247,0
438,247,0
132,247,0
767,247,0
204,247,0
335,247,0
716,247,0
283,247,0
713,247,0
827,247,0
635,247,0
439,247,0
958,247,0
226,247,0
350,247,0
243,247,0
616,247,0
593,247,0
808,247,0
700,247,0
468,247,0
751,247,0
779,247,0
531,247,0
395,247,0
50,247,0
364,247,0
101,247,0
176,247,0
177,247,0
853,247,0
441,247,0
947,247,0
596,247,0
554,247,0
699,247,0
770,247,0
844,247,0
868,247,0
334,247,0
693,247,0
732,247,0
801,247,0
478,247,0
477,247,0
722,247,0
442,247,0
219,247,0
546,247,0
11,247,0
858,247,0
221,247,0
572,247,0
904,247,0
345,247,0
654,247,0
396,247,0
112,247,0
522,247,0
476,247,0
694,247,0
743,247,0
462,247,0
218,247,0
564,247,0
266,247,0
911,247,0
359,247,0
430,247,0
934,247,0
601,247,0
878,247,0
202,247,0
730,247,0
918,247,0
721,247,0
652,247,0
496,247,0
580,247,0
31,247,0
492,247,0
457,247,0
736,247,0
155,247,0
506,247,0
141,247,0
819,247,0
632,247,0
714,247,0
255,247,0
83,247,0
472,247,0
131,247,0
551,247,0
953,247,0
487,247,0
194,247,0
156,247,0
418,247,0
250,247,0
936,247,0
353,247,0
121,247,0
638,247,0
58,247,0
413,247,0
816,247,0
196,247,0
80,247,0
651,247,0
771,247,0
51,247,0
830,247,0
86,247,0
744,247,0
32,247,0
720,247,0
760,247,0
146,247,0
793,247,0
737,247,0
397,247,0
796,247,0
41,247,0
708,247,0
935,247,0
996,247,0
646,247,0
366,247,0
755,247,0
410,247,0
163,247,0
136,247,0
391,247,0
211,247,0
139,247,0
526,247,0
544,247,0
351,247,0
820,247,0
411,247,0
303,247,0
341,247,0
314,247,0
84,247,0
30,247,0
67,247,0
180,247,0
493,247,0
354,247,0
372,247,0
833,247,0
898,247,0
528,247,0
886,247,0
939,247,0
860,247,0
169,247,0
294,247,0
280,247,0
559,247,0
87,247,0
588,247,0
485,247,0
901,247,0
281,247,0
361,247,0
88,247,0
242,247,0
584,247,0
286,247,0
408,247,0
673,247,0
527,247,0
68,247,0
823,247,0
118,247,0
481,247,0
144,247,0
234,247,0
317,247,0
764,247,0
63,247,0
774,247,0
525,247,0
406,247,0
20,247,0
725,247,0
72,247,0
888,247,0
45,247,0
937,247,0
717,247,0
923,247,0
220,247,0
594,247,0
806,247,0
315,247,0
775,247,0
776,247,0
656,247,0
534,247,0
763,247,0
987,247,0
149,247,0
698,247,0
748,247,0
203,247,0
781,247,0
36,247,0
952,247,0
214,247,0
14,247,0
35,247,0
330,247,0
653,247,0
682,247,0
318,247,0
980,247,0
749,247,0
419,247,0
173,247,0
319,247,0
670,247,0
223,247,0
171,247,0
636,247,0
227,247,0
429,247,0
48,247,0
688,247,0
614,247,0
661,247,0
731,247,0
994,247,0
568,247,0
674,247,0
537,247,0
420,247,0
968,247,0
367,247,0
47,247,0
436,247,0
657,247,0
508,247,0
215,247,0
99,247,0
71,247,0
278,247,0
108,247,0
13,247,0
761,247,0
129,247,0
15,247,0
34,247,0
839,247,0
225,247,0
802,247,0
289,247,0
556,247,0
966,247,0
960,247,0
945,247,0
550,247,0
709,247,0
378,247,0
3,247,0
447,247,0
916,247,0
73,247,0
428,247,0
5,247,0
369,247,0
563,247,0
553,247,0
407,246,0
529,246,0
164,246,0
831,246,0
891,246,0
998,246,0
465,246,0
517,246,0
135,246,0
127,246,0
65,246,0
433,246,0
342,246,0
607,246,0
98,246,0
21,246,0
210,246,0
33,246,0
871,246,0
861,246,0
469,246,0
983,246,0
697,246,0
715,246,0
298,246,0
562,246,0
213,246,0
629,246,0
0,246,0
94,246,0
957,246,0
301,246,0
60,246,0
199,246,0
863,246,0
815,246,0
206,246,0
812,246,0
228,246,0
727,246,0
484,246,0
4099,225,4
4063,224,4
4020,224,4
4028,224,4
1217,223,1
4018,223,4
4079,223,4
4001,223,4
4095,222,4
4084,222,4
4074,222,4
4038,222,4
4041,222,4
4053,222,4
4082,221,4
4064,221,4
4035,221,4
4052,221,4
4096,221,4
4034,221,4
4032,221,4
1084,221,1
1665,221,1
4067,221,4
4021,221,4
4048,221,4
4042,221,4
4014,221,4
4083,221,4
4086,221,4
4009,221,4
1478,221,1
4050,220,4
4066,220,4
4016,220,4
4097,220,4
4080,220,4
4060,220,4
1224,220,1
4093,220,4
1333,220,1
4091,220,4
1432,220,1
4069,220,4
4010,220,4
1398,220,1
4059,220,4
4070,220,4
1823,220,1
4047,220,4
1093,219,1
1015,219,1
4088,219,4
1420,219,1
1306,219,1
4040,219,4
1619,219,1
4004,219,4
4036,219,4
1934,219,1
1762,219,1
4006,219,4
4089,219,4
4019,219,4
4015,219,4
4007,219,4
4076,219,4
1007,219,1
1485,219,1
4029,219,4
4073,219,4
1942,219,1
1975,219,1
4055,219,4
1856,219,1
4065,219,4
4013,218,4
1668,218,1
1706,218,1
4039,218,4
4005,218,4
1624,218,1
1698,218,1
1477,218,1
4071,218,4
4022,218,4
1000,218,1
1110,218,1
4092,218,4
1583,218,1
4072,218,4
1010,218,1
1130,218,1
4062,218,4
1470,218,1
4087,218,4
4026,218,4
4008,218,4
4044,218,4
4003,218,4
1896,218,1
1545,218,1
1281,218,1
4061,218,4
4031,218,4
1454,218,1
1577,218,1
1436,218,1
4078,218,4
1933,218,1
1005,218,1
1272,218,1
1413,218,1
1608,218,1
1171,218,1
4027,218,4
1349,218,1
1981,218,1
1743,218,1
1169,218,1
1793,218,1
1726,218,1
1385,218,1
1099,218,1
1329,218,1
1914,218,1
4075,218,4
1493,218,1
4000,218,4
1739,217,1
1677,217,1
1426,217,1
1513,217,1
1059,217,1
1787,217,1
1737,217,1
1774,217,1
1298,217,1
1127,217,1
1382,217,1
1740,217,1
4054,217,4
1161,217,1
1215,217,1
1102,217,1
4030,217,4
1023,217,1
1076,217,1
1077,217,1
4025,217,4
1566,217,1
1195,217,1
1179,217,1
1510,217,1
1158,217,1
1074,217,1
1292,217,1
1691,217,1
1096,217,1
1323,217,1
1479,217,1
1035,217,1
1305,217,1
1971,217,1
4051,217,4
1663,217,1
4002,217,4
1872,217,1
1476,217,1
1632,217,1
1901,217,1
1034,217,1
1408,217,1
1925,217,1
4033,217,4
1873,217,1
1188,217,1
1388,217,1
1751,217,1
1794,217,1
4085,217,4
1357,217,1
1692,217,1
4056,217,4
1789,217,1
1362,217,1
1511,217,1
1887,217,1
4098,217,4
1915,217,1
1480,217,1
4046,217,4
1907,217,1
1790,217,1
1491,217,1
1416,217,1
1641,217,1
1920,217,1
1064,217,1
4011,217,4
1612,217,1
1335,217,1
1598,217,1
1813,217,1
1056,217,1
1184,216,1
1918,216,1
1410,216,1
1293,216,1
1121,216,1
1214,216,1
1515,216,1
1018,216,1
1176,216,1
1003,216,1
1840,216,1
1199,216,1
1835,216,1
1854,216,1
1657,216,1
1342,216,1
1052,216,1
1932,216,1
1949,216,1
1427,216,1
1407,216,1
1439,216,1
4058,216,4
1781,216,1
1205,216,1
1338,216,1
1310,216,1
1113,216,1
1750,216,1
1254,216,1
1460,216,1
1353,216,1
4024,216,4
1091,216,1
1802,216,1
1964,216,1
1611,216,1
1031,216,1
1062,216,1
1307,216,1
1004,216,1
1635,216,1
1421,216,1
1212,216,1
1580,216,1
1969,216,1
1473,216,1
1200,216,1
1375,216,1
1879,216,1
1317,216,1
1016,216,1
1772,216,1
1979,216,1
1160,216,1
1147,216,1
1172,216,1
1939,216,1
1187,216,1
1769,216,1
1622,216,1
1604,216,1
1885,216,1
1505,216,1
1785,216,1
1585,216,1
1880,216,1
1758,216,1
1916,216,1
1921,216,1
1908,216,1
1956,216,1
1555,216,1
1644,216,1
1046,216,1
1166,216,1
1708,216,1
1455,216,1
1637,216,1
1468,216,1
1967,216,1
1070,216,1
1181,216,1
1415,216,1
1294,216,1
1616,216,1
1909,216,1
1123,216,1
1995,216,1
1267,216,1
1744,216,1
1615,216,1
1731,216,1
1165,216,1
1351,216,1
1653,216,1
4012,216,4
1098,216,1
1163,216,1
1771,216,1
4037,216,4
1570,216,1
4068,216,4
4081,216,4
4017,216,4
1404,216,1
1990,216,1
1702,216,1
1986,216,1
1216,216,1
1633,216,1
1233,216,1
1528,216,1
1936,216,1
1380,216,1
1122,216,1
1337,216,1
1897,216,1
1747,216,1
1826,216,1
1626,216,1
1850,216,1
1869,216,1
1734,216,1
1763,216,1
1218,216,1
1525,216,1
1475,216,1
1824,216,1
1032,216,1
1194,216,1
1242,216,1
1043,216,1
1638,216,1
1431,216,1
1207,216,1
1259,215,1
1383,215,1
1149,215,1
1115,215,1
1713,215,1
1821,215,1
1290,215,1
1652,215,1
1788,215,1
1213,215,1
1984,215,1
1534,215,1
1379,215,1
1227,215,1
1858,215,1
1097,215,1
1557,215,1
1561,215,1
1124,215,1
1966,215,1
1894,215,1
1523,215,1
1155,215,1
1162,215,1
1717,215,1
4043,215,4
1562,215,1
1248,215,1
1890,215,1
1863,215,1
1463,215,1
1960,215,1
1321,215,1
1904,215,1
1700,215,1
1282,215,1
4094,215,4
1392,215,1
1742,215,1
1374,215,1
1569,215,1
1221,215,1
1280,215,1
1947,215,1
1829,215,1
1859,215,1
1678,215,1
1876,215,1
1143,215,1
1418,215,1
1458,215,1
1061,215,1
1022,215,1
4057,215,4
1464,215,1
1658,215,1
1279,215,1
1186,215,1
1536,215,1
1025,215,1
1447,215,1
1462,215,1
1770,215,1
1882,215,1
1401,215,1
1506,215,1
1012,215,1
1917,215,1
1391,215,1
1270,215,1
1738,215,1
1021,215,1
1189,215,1
1968,215,1
1360,215,1
1627,215,1
1465,215,1
1456,215,1
1026,215,1
1718,215,1
1315,215,1
1524,215,1
1851,215,1
1727,215,1
1430,215,1
1377,215,1
1931,215,1
1825,215,1
1954,215,1
1938,215,1
1910,215,1
1784,215,1
1730,215,1
1051,215,1
1919,215,1
1128,215,1
1614,215,1
1013,215,1
1617,215,1
1875,215,1
1474,215,1
1846,215,1
1766,215,1
1815,215,1
1911,215,1
1126,215,1
1443,215,1
1395,215,1
1153,215,1
1681,215,1
1779,215,1
1884,215,1
1376,215,1
1547,215,1
1656,215,1
1422,215,1
1370,215,1
1255,215,1
1801,215,1
1231,215,1
1369,215,1
1807,215,1
1355,215,1
1185,215,1
1621,215,1
1928,215,1
1538,215,1
1441,215,1
1341,215,1
1597,215,1
1760,215,1
1219,215,1
1029,215,1
1168,215,1
1345,215,1
1332,215,1
1177,215,1
1724,215,1
1320,215,1
1325,215,1
1683,215,1
1040,215,1
1646,215,1
1639,215,1
1297,215,1
1387,215,1
1922,215,1
4049,215,4
1973,215,1
1881,215,1
1339,215,1
1996,215,1
1232,215,1
1101,215,1
1752,215,1
1703,215,1
4090,215,4
1961,215,1
1564,215,1
1451,215,1
1009,214,1
1674,214,1
1482,214,1
1832,214,1
1610,214,1
1312,214,1
1651,214,1
1552,214,1
1117,214,1
1704,214,1
1303,214,1
1498,214,1
1753,214,1
1116,214,1
1543,214,1
1078,214,1
1424,214,1
1804,214,1
1453,214,1
1499,214,1
1142,214,1
1364,214,1
1587,214,1
4023,214,4
1659,214,1
1433,214,1
1319,214,1
1715,214,1
1809,214,1
1246,214,1
1868,214,1
1438,214,1
1699,214,1
1466,214,1
1496,214,1
1764,214,1
1631,214,1
1472,214,1
1985,214,1
1531,214,1
1540,214,1
1944,214,1
1118,214,1
1326,214,1
1434,214,1
1857,214,1
1526,214,1
1286,214,1
1861,214,1
1170,214,1
1521,214,1
1173,214,1
1045,214,1
1384,214,1
1686,214,1
1011,214,1
1759,214,1
1711,214,1
1053,214,1
1318,214,1
1196,214,1
1229,214,1
1941,214,1
1125,214,1
1419,214,1
1937,214,1
1244,214,1
1696,214,1
1509,214,1
1444,214,1
1837,214,1
4045,214,4
1895,214,1
1722,214,1
1448,214,1
1643,214,1
1088,214,1
1867,214,1
1264,214,1
1902,214,1
1590,214,1
1428,214,1
1695,214,1
1487,214,1
1768,214,1
1197,214,1
1486,214,1
1578,214,1
1368,214,1
1437,214,1
1670,214,1
1669,214,1
1864,214,1
1449,214,1
1871,214,1
1008,214,1
1943,214,1
1808,214,1
1798,214,1
1553,214,1
1106,214,1
1701,214,1
1235,214,1
1507,214,1
1135,214,1
1512,214,1
1111,214,1
1565,214,1
1501,214,1
1777,214,1
1265,214,1
1594,214,1
1741,214,1
1058,214,1
1457,214,1
1373,214,1
1400,214,1
1107,214,1
1350,214,1
1757,214,1
1749,214,1
1606,214,1
1417,214,1
1291,214,1
1429,214,1
1081,214,1
1671,214,1
1276,214,1
1344,214,1
1198,214,1
1284,214,1
1050,214,1
1786,214,1
1607,214,1
1435,214,1
1689,214,1
1251,214,1
1394,214,1
1716,214,1
1602,214,1
1974,214,1
1020,214,1
1223,214,1
1094,214,1
1277,214,1
1146,214,1
1445,214,1
1405,214,1
4077,214,4
1316,214,1
1544,214,1
1522,214,1
1541,214,1
1104,214,1
1605,214,1
1980,214,1
1874,214,1
1820,214,1
1024,214,1
1609,214,1
1803,214,1
1797,214,1
1962,214,1
1409,214,1
1778,214,1
1560,214,1
1721,214,1
1831,214,1
1230,214,1
1048,214,1
1396,214,1
1518,214,1
1584,214,1
1930,213,1
1038,213,1
1442,213,1
1001,213,1
1258,213,1
1586,213,1
1241,213,1
1239,213,1
1950,213,1
1891,213,1
1109,213,1
1754,213,1
1206,213,1
1532,213,1
1811,213,1
1324,213,1
1343,213,1
1893,213,1
1348,213,1
1667,213,1
1054,213,1
1998,213,1
1423,213,1
1642,213,1
1112,213,1
1256,213,1
1028,213,1
1278,213,1
1705,213,1
1926,213,1
1842,213,1
1822,213,1
1266,213,1
1371,213,1
1559,213,1
1906,213,1
1178,213,1
1359,213,1
1389,213,1
1827,213,1
1361,213,1
1664,213,1
1322,213,1
1288,213,1
1728,213,1
1530,213,1
1905,213,1
1285,213,1
1675,213,1
1520,213,1
1988,213,1
1030,213,1
1141,213,1
1452,213,1
1542,213,1
1834,213,1
1514,213,1
1411,213,1
1780,213,1
1955,213,1
1336,213,1
1245,213,1
1640,213,1
1193,213,1
1877,213,1
1367,213,1
1114,213,1
1599,213,1
1634,213,1
1596,213,1
1862,213,1
1483,213,1
1490,213,1
1039,213,1
1331,213,1
1263,213,1
1363,213,1
1366,213,1
1959,213,1
1588,213,1
1783,213,1
1987,213,1
1406,213,1
1982,213,1
1488,213,1
1378,213,1
1202,213,1
1055,213,1
1978,213,1
1628,213,1
1952,213,1
1352,213,1
1843,213,1
1682,213,1
1268,213,1
1841,213,1
1830,213,1
1805,213,1
1629,213,1
1948,213,1
1550,213,1
1095,213,1
1888,213,1
1983,213,1
1075,213,1
1397,213,1
1247,213,1
1257,213,1
1225,213,1
1591,213,1
1164,213,1
1735,213,1
1156,213,1
1972,213,1
1249,213,1
1182,213,1
1356,213,1
1592,213,1
1796,213,1
1898,213,1
1425,213,1
1810,213,1
1537,213,1
1927,213,1
1220,213,1
1912,213,1
1167,213,1
1129,213,1
1775,213,1
1761,213,1
1923,213,1
1992,213,1
1484,213,1
1180,213,1
1673,213,1
1755,213,1
1576,213,1
1558,213,1
1672,213,1
1049,213,1
1776,213,1
1847,213,1
1042,213,1
1833,213,1
1601,213,1
1190,213,1
1994,213,1
1693,213,1
1136,213,1
1504,213,1
1903,213,1
1860,213,1
1140,213,1
1818,213,1
1625,213,1
1684,213,1
1044,213,1
1900,213,1
1154,213,1
1083,213,1
1662,213,1
1712,213,1
1262,213,1
1533,213,1
1151,213,1
1314,213,1
1340,213,1
1208,213,1
1688,213,1
1120,213,1
1816,213,1
1271,213,1
1977,213,1
1600,213,1
1613,213,1
1183,213,1
1649,213,1
1240,213,1
1261,213,1
1301,213,1
1883,213,1
1086,213,1
1852,213,1
1800,213,1
1036,213,1
1765,213,1
1300,213,1
1063,213,1
1080,212,1
1403,212,1
1589,212,1
1144,212,1
1999,212,1
1386,212,1
1618,212,1
1236,212,1
1556,212,1
1237,212,1
1065,212,1
1935,212,1
1773,212,1
1517,212,1
1965,212,1
1481,212,1
1057,212,1
1347,212,1
1296,212,1
1782,212,1
1839,212,1
1661,212,1
1390,212,1
1090,212,1
1710,212,1
1252,212,1
1945,212,1
1138,212,1
1581,212,1
1993,212,1
1508,212,1
1289,212,1
1067,212,1
1414,212,1
1899,212,1
1137,212,1
1234,212,1
1812,212,1
1148,212,1
1723,212,1
1060,212,1
1131,212,1
1446,212,1
1707,212,1
1068,212,1
1495,212,1
1066,212,1
1469,212,1
1630,212,1
1573,212,1
1467,212,1
1866,212,1
1878,212,1
1519,212,1
1795,212,1
1399,212,1
1546,212,1
1957,212,1
1694,212,1
1354,212,1
1228,212,1
1087,212,1
1748,212,1
1119,212,1
1191,212,1
1889,212,1
1746,212,1
1006,212,1
1679,212,1
1817,212,1
1970,212,1
1736,212,1
1848,212,1
1492,212,1
1636,212,1
1085,212,1
1685,212,1
1924,212,1
1346,212,1
1729,212,1
1814,212,1
1767,212,1
1311,212,1
1027,212,1
1211,212,1
1892,212,1
1152,212,1
1440,212,1
1328,212,1
1072,212,1
1019,212,1
1201,212,1
1157,212,1
1017,212,1
1494,212,1
1732,212,1
1551,212,1
1527,212,1
1687,212,1
1870,212,1
1192,212,1
1037,212,1
1791,212,1
1806,212,1
1554,212,1
1002,212,1
1497,212,1
1714,212,1
1100,212,1
1402,212,1
1572,212,1
1103,212,1
1951,212,1
1697,212,1
1381,212,1
1222,211,1
1139,211,1
1709,211,1
1963,211,1
1997,211,1
1549,211,1
1174,211,1
1459,211,1
1274,211,1
1309,211,1
1175,211,1
1304,211,1
1047,211,1
1733,211,1
1150,211,1
1334,211,1
1579,211,1
1745,211,1
1260,211,1
1502,211,1
1676,211,1
1210,211,1
1886,211,1
1655,211,1
1299,211,1
1082,211,1
1327,211,1
1792,211,1
1365,211,1
1313,211,1
1853,211,1
1014,211,1
1461,211,1
1593,211,1
1595,211,1
1849,211,1
1412,211,1
1071,211,1
1645,211,1
1529,211,1
1503,211,1
1725,211,1
1358,211,1
1568,211,1
1913,211,1
1654,211,1
1756,211,1
1648,211,1
1516,211,1
1069,211,1
1273,211,1
1838,211,1
1393,211,1
1295,211,1
1571,211,1
1620,211,1
1647,211,1
1539,211,1
1250,211,1
1953,211,1
1623,211,1
1308,211,1
1133,211,1
1073,211,1
1563,211,1
1092,211,1
1145,211,1
1929,211,1
1471,211,1
1275,211,1
1450,211,1
1991,211,1
1582,211,1
1372,211,1
1603,211,1
1819,211,1
1946,211,1
1108,211,1
1226,211,1
1079,210,1
1567,210,1
1105,210,1
1845,210,1
1680,210,1
1269,210,1
1989,210,1
1719,210,1
1535,210,1
1089,210,1
1548,210,1
1238,210,1
1836,210,1
1134,210,1
1302,210,1
1041,210,1
1209,210,1
1574,210,1
1666,210,1
1828,210,1
1855,210,1
1690,210,1
1243,210,1
1204,210,1
1575,210,1
1132,210,1
1660,210,1
1489,210,1
1203,210,1
1159,209,1
1976,209,1
1799,209,1
1253,209,1
1500,209,1
1958,209,1
1844,209,1
1283,209,1
1033,209,1
1330,209,1
1940,208,1
1650,208,1
1287,208,1
1865,208,1
1720,208,1
2128,22,2
2475,21,2
2564,21,2
4178,21,5
2455,20,2
2663,20,2
2063,20,2
2829,20,2
4184,20,5
2670,20,2
2013,19,2
2282,19,2
2568,19,2
2324,19,2
4181,19,5
2276,19,2
2932,19,2
2711,19,2
2416,18,2
2007,18,2
2476,18,2
2953,18,2
2091,18,2
2350,18,2
4183,18,5
2646,18,2
2937,18,2
2809,18,2
2798,18,2
2322,18,2
2973,18,2
2781,18,2
4167,18,5
2316,18,2
2444,18,2
2794,18,2
2575,18,2
2796,18,2
2555,18,2
2540,18,2
2970,18,2
2186,18,2
2219,18,2
2409,18,2
2024,18,2
2609,18,2
2201,17,2
2734,17,2
2006,17,2
2001,17,2
2026,17,2
2975,17,2
2095,17,2
2057,17,2
2329,17,2
2772,17,2
2241,17,2
4153,17,5
2115,17,2
4168,17,5
2037,17,2
2756,17,2
2157,17,2
4190,17,5
2614,17,2
2579,17,2
4123,17,5
2089,17,2
4106,17,5
2419,16,2
4120,16,5
2666,16,2
2824,16,2
2804,16,2
2831,16,2
2496,16,2
2294,16,2
4124,16,5
2752,16,2
2930,16,2
2659,16,2
2526,16,2
4137,16,5
2969,16,2
2777,16,2
2753,16,2
2612,16,2
2224,16,2
2256,16,2
2481,16,2
2524,16,2
2893,16,2
2993,16,2
2272,16,2
2864,16,2
4174,16,5
2297,16,2
2100,16,2
4114,16,5
4128,16,5
2146,16,2
4198,16,5
2859,16,2
2430,16,2
2035,16,2
2618,16,2
2269,16,2
2956,16,2
2877,16,2
2405,16,2
2748,16,2
2842,16,2
2031,16,2
2217,16,2
4131,16,5
2191,16,2
4175,16,5
2108,16,2
2460,16,2
4147,16,5
2463,16,2
2392,16,2
2302,16,2
4162,16,5
2247,16,2
4159,16,5
2629,16,2
4155,15,5
2169,15,2
2008,15,2
4149,15,5
2030,15,2
2422,15,2
2047,15,2
2034,15,2
2712,15,2
2587,15,2
2279,15,2
2963,15,2
4166,15,5
2470,15,2
2541,15,2
2727,15,2
4121,15,5
2701,15,2
2022,15,2
2656,15,2
2688,15,2
2433,15,2
2974,15,2
2451,15,2
2489,15,2
2227,15,2
2323,15,2
2260,15,2
4192,15,5
4107,15,5
2914,15,2
2003,15,2
4173,15,5
2591,15,2
4125,15,5
2919,15,2
2866,15,2
2362,15,2
2898,15,2
2795,15,2
2778,15,2
2359,15,2
2374,15,2
2977,15,2
2254,15,2
4103,15,5
2569,15,2
2498,15,2
2233,15,2
2817,15,2
2141,15,2
2043,15,2
2948,15,2
2528,15,2
2383,15,2
2090,15,2
2561,15,2
2479,15,2
2955,15,2
2178,15,2
2211,15,2
2232,15,2
2986,15,2
2699,15,2
2747,15,2
4144,15,5
2789,15,2
2462,15,2
2581,15,2
2545,15,2
2845,15,2
2927,15,2
2125,15,2
2189,14,2
2131,14,2
2676,14,2
2832,14,2
2261,14,2
2976,14,2
2926,14,2
2156,14,2
2620,14,2
2559,14,2
2418,14,2
2909,14,2
2004,14,2
2946,14,2
4194,14,5
2314,14,2
2714,14,2
4143,14,5
4141,14,5
2398,14,2
2905,14,2
2187,14,2
2771,14,2
2097,14,2
2093,14,2
2410,14,2
2099,14,2
2317,14,2
2543,14,2
2450,14,2
4139,14,5
2206,14,2
4185,14,5
2421,14,2
2123,14,2
2504,14,2
2339,14,2
2950,14,2
2664,14,2
2580,14,2
2641,14,2
2506,14,2
2173,14,2
2110,14,2
4118,14,5
2399,14,2
2080,14,2
2363,14,2
2740,14,2
2353,14,2
2471,14,2
2058,14,2
2296,14,2
2816,14,2
2465,14,2
2689,14,2
2218,14,2
2921,14,2
2757,14,2
2619,14,2
2016,14,2
2860,14,2
2982,14,2
2304,14,2
2098,14,2
2420,14,2
2396,14,2
2312,14,2
2386,14,2
2801,14,2
2432,14,2
2653,14,2
2562,14,2
2168,14,2
4138,14,5
2529,14,2
2412,14,2
4197,14,5
2078,14,2
2429,14,2
4135,14,5
2846,14,2
2240,14,2
2906,14,2
2764,14,2
2820,14,2
2869,14,2
4129,14,5
4186,14,5
2161,14,2
2637,14,2
2116,14,2
2435,14,2
2896,13,2
2513,13,2
4126,13,5
2440,13,2
4133,13,5
2228,13,2
2387,13,2
2210,13,2
2056,13,2
2934,13,2
2597,13,2
2203,13,2
2818,13,2
2509,13,2
2589,13,2
2431,13,2
2784,13,2
2644,13,2
2284,13,2
4108,13,5
2367,13,2
2720,13,2
2538,13,2
2330,13,2
2887,13,2
2084,13,2
2486,13,2
4165,13,5
2258,13,2
2886,13,2
2827,13,2
2175,13,2
2029,13,2
2413,13,2
2288,13,2
2075,13,2
4169,13,5
2085,13,2
2643,13,2
2991,13,2
2271,13,2
2165,13,2
2248,13,2
4164,13,5
2851,13,2
2167,13,2
2005,13,2
2576,13,2
2913,13,2
2537,13,2
2662,13,2
2154,13,2
2313,13,2
2349,13,2
2888,13,2
2025,13,2
2787,13,2
2336,13,2
2145,13,2
2840,13,2
2468,13,2
2205,13,2
2002,13,2
2521,13,2
2338,13,2
2185,13,2
2068,13,2
2565,13,2
2654,13,2
2482,13,2
2307,13,2
2912,13,2
2675,13,2
2902,13,2
2630,13,2
2879,13,2
2617,13,2
2133,13,2
2160,13,2
2936,13,2
2200,13,2
2839,13,2
2237,13,2
2264,13,2
2478,13,2
4148,13,5
2331,13,2
2920,13,2
2163,13,2
2880,13,2
2032,13,2
2320,13,2
2051,13,2
2379,13,2
4195,13,5
2275,13,2
2195,13,2
2493,13,2
2745,13,2
2459,13,2
2984,13,2
2474,13,2
2595,13,2
2682,13,2
2332,13,2
2126,13,2
2899,13,2
2365,13,2
2729,12,2
2079,12,2
2583,12,2
4187,12,5
4115,12,5
2039,12,2
2384,12,2
2895,12,2
2144,12,2
2833,12,2
2577,12,2
2695,12,2
2094,12,2
2404,12,2
2483,12,2
2467,12,2
2690,12,2
2724,12,2
2028,12,2
2852,12,2
2059,12,2
2277,12,2
2120,12,2
4171,12,5
2741,12,2
2081,12,2
2606,12,2
2048,12,2
2560,12,2
2134,12,2
2856,12,2
2514,12,2
2742,12,2
2066,12,2
2718,12,2
4150,12,5
2286,12,2
2792,12,2
2776,12,2
2551,12,2
2088,12,2
2315,12,2
2681,12,2
2823,12,2
2199,12,2
2454,12,2
2238,12,2
2774,12,2
2268,12,2
2447,12,2
2345,12,2
2380,12,2
2966,12,2
2710,12,2
4152,12,5
2621,12,2
2212,12,2
2388,12,2
2223,12,2
2235,12,2
2592,12,2
2417,12,2
2520,12,2
2994,12,2
2049,12,2
2522,12,2
2446,12,2
2868,12,2
2310,12,2
2278,12,2
2069,12,2
2298,12,2
2236,12,2
2698,12,2
2434,12,2
2139,12,2
2449,12,2
2855,12,2
2967,12,2
2968,12,2
2854,12,2
4134,12,5
2166,12,2
2484,12,2
2149,12,2
2101,12,2
2558,12,2
2542,12,2
2702,12,2
4189,12,5
2262,12,2
2639,12,2
2881,12,2
2783,12,2
2196,12,2
2857,12,2
2041,12,2
2072,12,2
2933,12,2
2553,12,2
2179,12,2
2070,12,2
2828,12,2
2517,12,2
2318,12,2
2556,12,2
2510,12,2
2453,12,2
4193,12,5
2044,12,2
2151,12,2
2534,12,2
2808,12,2
2957,12,2
4170,12,5
2309,12,2
2104,11,2
2251,11,2
2960,11,2
2452,11,2
2925,11,2
2611,11,2
2343,11,2
4113,11,5
2999,11,2
2546,11,2
2935,11,2
2152,11,2
2458,11,2
2245,11,2
2917,11,2
2990,11,2
2636,11,2
2979,11,2
2053,11,2
2835,11,2
4130,11,5
4163,11,5
2730,11,2
2557,11,2
2512,11,2
2570,11,2
2738,11,2
2853,11,2
2401,11,2
2599,11,2
2009,11,2
2342,11,2
2109,11,2
2987,11,2
2466,11,2
2872,11,2
2373,11,2
2092,11,2
2648,11,2
2221,11,2
2375,11,2
2291,11,2
2686,11,2
4176,11,5
2445,11,2
2303,11,2
2136,11,2
2494,11,2
2805,11,2
2074,11,2
2793,11,2
2624,11,2
2873,11,2
2965,11,2
4122,11,5
4188,11,5
4145,11,5
2574,11,2
2603,11,2
4180,11,5
2615,11,2
2929,11,2
2153,11,2
2782,11,2
2023,11,2
2951,11,2
2628,11,2
2766,11,2
4110,11,5
2234,11,2
2118,11,2
2020,11,2
2159,11,2
2112,11,2
4111,11,5
2998,11,2
2901,11,2
2491,11,2
2243,11,2
2096,11,2
2945,11,2
2800,11,2
2172,11,2
2721,11,2
2586,11,2
2669,11,2
2961,11,2
4100,11,5
2357,11,2
2694,11,2
2364,11,2
2356,11,2
2638,11,2
2625,11,2
2111,11,2
2499,11,2
2573,11,2
2150,11,2
2021,11,2
2176,11,2
2180,11,2
2680,11,2
2503,11,2
2229,11,2
2065,11,2
2830,11,2
2605,11,2
2188,11,2
4177,11,5
2437,11,2
2424,11,2
2671,11,2
2164,11,2
2488,11,2
2138,11,2
2821,11,2
2871,11,2
2124,11,2
2923,11,2
2610,11,2
2554,11,2
2723,11,2
2408,11,2
2588,11,2
2194,11,2
2601,11,2
2819,11,2
2578,11,2
2622,11,2
2495,11,2
2773,11,2
2428,11,2
2036,11,2
2769,11,2
2700,11,2
2844,11,2
2924,11,2
2250,11,2
2627,11,2
2265,11,2
2952,11,2
2106,11,2
2299,11,2
2423,11,2
2485,11,2
2274,11,2
2908,11,2
2372,11,2
2891,11,2
2947,11,2
2402,10,2
2940,10,2
2010,10,2
2351,10,2
2326,10,2
4119,10,5
2732,10,2
2516,10,2
2102,10,2
2140,10,2
2996,10,2
2177,10,2
2759,10,2
4146,10,5
2340,10,2
2761,10,2
2548,10,2
2889,10,2
2572,10,2
2600,10,2
2791,10,2
2571,10,2
2295,10,2
2015,10,2
2655,10,2
2707,10,2
2758,10,2
2511,10,2
4179,10,5
2439,10,2
2941,10,2
2849,10,2
2803,10,2
2582,10,2
2915,10,2
4109,10,5
2255,10,2
2050,10,2
2369,10,2
2214,10,2
2204,10,2
2665,10,2
2900,10,2
2207,10,2
2894,10,2
2911,10,2
2722,10,2
2746,10,2
2464,10,2
2884,10,2
2972,10,2
2918,10,2
2678,10,2
2285,10,2
2266,10,2
2158,10,2
2763,10,2
2033,10,2
2980,10,2
2376,10,2
2346,10,2
2806,10,2
2202,10,2
2836,10,2
2327,10,2
2174,10,2
2683,10,2
2011,10,2
2121,10,2
2086,10,2
2360,10,2
2631,10,2
2716,10,2
2027,10,2
2311,10,2
2642,10,2
2385,10,2
2403,10,2
2709,10,2
2995,10,2
2825,10,2
2525,10,2
4182,10,5
2907,10,2
2668,10,2
2870,10,2
2703,10,2
2640,10,2
2497,10,2
4154,10,5
2335,10,2
2837,10,2
4101,10,5
4161,10,5
2135,10,2
4140,10,5
2633,10,2
2651,10,2
2635,10,2
4199,10,5
2071,10,2
2657,10,2
2706,10,2
2749,10,2
2959,10,2
2147,10,2
2253,10,2
2171,10,2
2293,10,2
2596,10,2
2378,10,2
2954,10,2
2354,9,2
2083,9,2
2983,9,2
4157,9,5
2062,9,2
2834,9,2
2244,9,2
2916,9,2
2634,9,2
2613,9,2
2802,9,2
2305,9,2
2117,9,2
2395,9,2
2425,9,2
2737,9,2
2785,9,2
2687,9,2
2505,9,2
2292,9,2
2874,9,2
2862,9,2
2382,9,2
2306,9,2
2608,9,2
2155,9,2
4102,9,5
2487,9,2
2518,9,2
2143,9,2
2750,9,2
2222,9,2
2472,9,2
2523,9,2
2944,9,2
2017,9,2
2739,9,2
2508,9,2
2812,9,2
2892,9,2
2259,9,2
4172,9,5
2679,9,2
2415,9,2
2192,9,2
2103,9,2
2280,9,2
2705,9,2
2427,9,2
4112,9,5
2400,9,2
2531,9,2
2073,9,2
3020,9,3
2038,9,2
2394,9,2
2715,9,2
2768,9,2
2426,9,2
2532,9,2
2162,9,2
2267,9,2
2719,9,2
2616,9,2
2567,9,2
2473,9,2
2949,9,2
2897,9,2
2988,9,2
2876,9,2
2861,9,2
2602,9,2
2333,9,2
2391,9,2
2000,9,2
2018,9,2
2590,9,2
4196,9,5
2231,9,2
2552,9,2
2461,9,2
2997,9,2
2082,9,2
2443,9,2
2220,9,2
4191,9,5
2239,9,2
2371,9,2
2368,9,2
2598,9,2
2978,9,2
2672,9,2
2046,9,2
2779,9,2
2142,9,2
2438,9,2
2527,9,2
2807,9,2
2289,9,2
2130,9,2
2197,9,2
2885,9,2
2321,9,2
2355,9,2
2393,9,2
2105,9,2
2755,9,2
4105,9,5
2623,9,2
2257,9,2
2457,9,2
2549,9,2
2536,9,2
2788,9,2
2492,9,2
2287,8,2
2939,8,2
2352,8,2
2786,8,2
3713,8,3
2735,8,2
2193,8,2
2507,8,2
2414,8,2
4158,8,5
2843,8,2
2533,8,2
2760,8,2
2649,8,2
2790,8,2
2743,8,2
2632,8,2
2883,8,2
2183,8,2
2847,8,2
2290,8,2
4104,8,5
2397,8,2
2652,8,2
2442,8,2
2544,8,2
2547,8,2
2566,8,2
2019,8,2
2515,8,2
2054,8,2
2607,8,2
2216,8,2
2087,8,2
2814,8,2
2677,8,2
2456,8,2
2230,8,2
4156,8,5
2249,8,2
2904,8,2
2685,8,2
2242,8,2
2964,8,2
2693,8,2
2319,8,2
2406,8,2
2300,8,2
2366,8,2
3051,8,3
2713,8,2
2273,8,2
2263,8,2
2358,8,2
2490,8,2
2754,8,2
2122,8,2
2389,8,2
2067,8,2
2726,8,2
2971,8,2
2114,8,2
2762,8,2
2717,8,2
2826,8,2
2958,8,2
2441,8,2
2594,8,2
2390,8,2
2770,8,2
2170,8,2
2858,8,2
2985,8,2
2064,8,2
2377,8,2
4379,8,7
2226,8,2
2626,8,2
2593,8,2
2107,8,2
2811,8,2
2922,8,2
2448,8,2
2903,8,2
2347,8,2
2647,8,2
2500,8,2
2061,8,2
2838,7,2
3434,7,3
2127,7,2
2012,7,2
2519,7,2
2411,7,2
2875,7,2
2076,7,2
2480,7,2
2660,7,2
2751,7,2
3000,7,3
2182,7,2
2878,7,2
2692,7,2
2645,7,2
2775,7,2
2962,7,2
2181,7,2
3083,7,3
2225,7,2
2535,7,2
4136,7,5
2797,7,2
2673,7,2
4160,7,5
2539,7,2
2530,7,2
4117,7,5
2744,7,2
2213,7,2
2055,7,2
4208,7,6
2045,7,2
2469,7,2
3747,7,3
3746,7,3
2184,7,2
2731,7,2
2198,7,2
4334,7,7
2658,7,2
2890,7,2
2584,7,2
2822,7,2
2308,7,2
2850,7,2
2014,7,2
2697,7,2
2943,7,2
2137,7,2
2992,7,2
2910,7,2
2882,7,2
2436,7,2
2813,7,2
2502,7,2
4151,7,5
2684,7,2
3256,7,3
2344,7,2
2691,7,2
2283,7,2
2696,7,2
2341,7,2
2113,7,2
3896,7,3
4116,7,5
2209,7,2
3477,7,3
2190,7,2
4142,7,5
2938,7,2
3304,6,3
2780,6,2
2301,6,2
3048,6,3
3579,6,3
3510,6,3
2334,6,2
3742,6,3
3992,6,3
3302,6,3
2550,6,2
3505,6,3
3680,6,3
2667,6,2
2132,6,2
3014,6,3
3551,6,3
3808,6,3
3429,6,3
2704,6,2
2931,6,2
3212,6,3
2281,6,2
2848,6,2
2060,6,2
3031,6,3
3963,6,3
3309,6,3
2563,6,2
2674,6,2
4291,6,6
4250,6,6
3673,6,3
2661,6,2
2841,6,2
4200,6,6
3967,6,3
3391,6,3
2867,6,2
3533,6,3
3515,6,3
2052,6,2
4132,6,5
3529,6,3
2865,6,2
2928,6,2
3871,6,3
2328,6,2
2042,6,2
2585,6,2
4396,6,7
3705,6,3
3835,6,3
3110,6,3
3313,6,3
3186,6,3
3326,6,3
3909,6,3
3770,6,3
2215,6,2
2370,6,2
3608,6,3
2348,5,2
3246,5,3
3317,5,3
3159,5,3
4209,5,6
4281,5,6
3291,5,3
3535,5,3
3973,5,3
3487,5,3
2246,5,2
3752,5,3
3724,5,3
3516,5,3
3774,5,3
4225,5,6
4259,5,6
3465,5,3
3249,5,3
3965,5,3
3185,5,3
4302,5,7
2728,5,2
2148,5,2
3090,5,3
3993,5,3
4242,5,6
3395,5,3
3559,5,3
3189,5,3
2799,5,2
3112,5,3
3290,5,3
4223,5,6
3481,5,3
3193,5,3
3308,5,3
3346,5,3
3947,5,3
2477,5,2
3221,5,3
3807,5,3
3984,5,3
3158,5,3
3342,5,3
3877,5,3
3684,5,3
3614,5,3
3423,5,3
3368,5,3
3695,5,3
4127,5,5
4383,5,7
4393,5,7
2270,5,2
3791,5,3
4332,5,7
3364,5,3
3366,5,3
3228,5,3
2767,5,2
3605,5,3
3059,5,3
2129,5,2
4368,5,7
3979,5,3
3660,5,3
4386,5,7
2077,5,2
2361,5,2
2733,5,2
2765,5,2
3419,5,3
2725,5,2
3134,5,3
3815,5,3
3182,5,3
3238,5,3
3402,5,3
2501,5,2
2119,5,2
3392,5,3
3998,5,3
2863,5,2
4218,5,6
3088,5,3
4323,5,7
3881,5,3
3553,5,3
2815,5,2
3253,5,3
4355,5,7
3542,5,3
4319,5,7
3081,5,3
3320,5,3
3708,5,3
2325,5,2
3953,5,3
3077,5,3
3236,5,3
3321,5,3
3674,5,3
2810,5,2
4276,5,6
3361,4,3
3373,4,3
3914,4,3
4371,4,7
3857,4,3
3276,4,3
3820,4,3
3135,4,3
4349,4,7
3782,4,3
3612,4,3
3830,4,3
3824,4,3
3582,4,3
3111,4,3
3624,4,3
3671,4,3
3184,4,3
3809,4,3
3470,4,3
3357,4,3
2604,4,2
3269,4,3
3676,4,3
3761,4,3
3033,4,3
3753,4,3
4288,4,6
3200,4,3
3222,4,3
2337,4,2
4285,4,6
3459,4,3
3027,4,3
3607,4,3
3593,4,3
3600,4,3
3352,4,3
3689,4,3
3804,4,3
3935,4,3
3079,4,3
2708,4,2
4387,4,7
3757,4,3
4254,4,6
3042,4,3
3399,4,3
3174,4,3
3818,4,3
4352,4,7
3999,4,3
3339,4,3
3509,4,3
3242,4,3
4257,4,6
3458,4,3
3183,4,3
3064,4,3
4265,4,6
3627,4,3
3840,4,3
3692,4,3
3316,4,3
3928,4,3
4296,4,6
3522,4,3
3136,4,3
3964,4,3
3784,4,3
3884,4,3
3442,4,3
3301,4,3
3161,4,3
2981,4,2
3325,4,3
3439,4,3
3615,4,3
3521,4,3
4283,4,6
3870,4,3
3076,4,3
4394,4,7
3981,4,3
3518,4,3
3664,4,3
4228,4,6
3897,4,3
3105,4,3
4297,4,6
3119,4,3
3769,4,3
3121,4,3
4211,4,6
3749,4,3
3168,4,3
3520,4,3
3151,4,3
3601,4,3
3057,4,3
4342,4,7
3578,4,3
3453,4,3
3759,4,3
2942,4,2
3990,4,3
3997,4,3
3160,4,3
3293,4,3
4287,4,6
3068,4,3
4234,4,6
3816,4,3
3508,4,3
3329,4,3
4277,4,6
3104,4,3
3239,4,3
3219,4,3
3541,4,3
3178,4,3
3688,4,3
3918,4,3
3709,4,3
3490,4,3
3944,4,3
3561,4,3
4255,4,6
3138,4,3
3700,4,3
3462,4,3
3960,4,3
3961,4,3
3829,4,3
3180,4,3
3417,4,3
3735,4,3
3023,4,3
3611,4,3
3043,4,3
2040,4,2
3743,4,3
3374,4,3
3207,4,3
3285,4,3
3930,4,3
3738,4,3
3192,4,3
4226,4,6
4299,4,6
3640,4,3
3590,4,3
4346,4,7
3108,4,3
3117,4,3
3319,4,3
3202,4,3
3720,4,3
3677,4,3
3493,4,3
2381,4,2
3839,4,3
3591,4,3
3901,4,3
3216,4,3
3645,4,3
3837,4,3
3537,4,3
3340,4,3
2650,4,2
3545,4,3
3054,4,3
4230,4,6
3959,4,3
3750,4,3
4336,4,7
3283,4,3
3907,4,3
3814,4,3
3609,4,3
3466,4,3
3604,4,3
3129,4,3
4267,4,6
3932,4,3
4269,4,6
3711,4,3
3498,4,3
3010,4,3
3167,4,3
4375,4,7
3336,4,3
3080,4,3
3641,4,3
3872,4,3
3055,4,3
3311,4,3
3557,4,3
3053,4,3
4347,4,7
3410,3,3
3651,3,3
3587,3,3
4308,3,7
3013,3,3
4333,3,7
3540,3,3
3849,3,3
3164,3,3
3994,3,3
4314,3,7
3685,3,3
3986,3,3
3934,3,3
3616,3,3
3643,3,3
3198,3,3
3869,3,3
3598,3,3
3330,3,3
4207,3,6
3722,3,3
3367,3,3
3078,3,3
3143,3,3
3067,3,3
3855,3,3
3328,3,3
3100,3,3
3566,3,3
3712,3,3
3203,3,3
3456,3,3
3482,3,3
3011,3,3
3140,3,3
3940,3,3
3946,3,3
3157,3,3
3686,3,3
4359,3,7
3739,3,3
3945,3,3
3576,3,3
3247,3,3
3732,3,3
3581,3,3
3422,3,3
3386,3,3
3831,3,3
3106,3,3
3780,3,3
3424,3,3
3257,3,3
3758,3,3
4286,3,6
3069,3,3
3211,3,3
3825,3,3
3534,3,3
3255,3,3
3923,3,3
3787,3,3
3943,3,3
3982,3,3
3727,3,3
3925,3,3
3331,3,3
3375,3,3
2736,3,2
3698,3,3
3039,3,3
3026,3,3
3921,3,3
4256,3,6
3924,3,3
3450,3,3
4358,3,7
3025,3,3
3063,3,3
2407,3,2
3810,3,3
4367,3,7
3427,3,3
3966,3,3
3062,3,3
3488,3,3
3663,3,3
3252,3,3
4247,3,6
3678,3,3
3737,3,3
3486,3,3
3428,3,3
3904,3,3
3338,3,3
3360,3,3
4232,3,6
4203,3,6
3181,3,3
3300,3,3
3629,3,3
4266,3,6
3407,3,3
4271,3,6
3618,3,3
3266,3,3
3891,3,3
4356,3,7
4240,3,6
3779,3,3
3773,3,3
3287,3,3
3762,3,3
3124,3,3
4279,3,6
3288,3,3
3017,3,3
4340,3,7
3507,3,3
3035,3,3
3920,3,3
3215,3,3
3717,3,3
4370,3,7
3648,3,3
3669,3,3
3883,3,3
3103,3,3
4329,3,7
3022,3,3
3199,3,3
4295,3,6
3556,3,3
3406,3,3
3525,3,3
3226,3,3
3413,3,3
3483,3,3
3972,3,3
3532,3,3
3388,3,3
3833,3,3
3936,3,3
3085,3,3
4321,3,7
4339,3,7
3864,3,3
3087,3,3
4248,3,6
4324,3,7
3260,3,3
3312,3,3
3513,3,3
3632,3,3
3024,3,3
3760,3,3
3650,3,3
3649,3,3
3355,3,3
3885,3,3
4373,3,7
4220,3,6
3398,3,3
4206,3,6
3471,3,3
3851,3,3
3980,3,3
3539,3,3
3314,3,3
3046,3,3
3644,3,3
3116,3,3
3125,3,3
3278,3,3
3324,3,3
3204,3,3
3451,3,3
4258,3,6
3841,3,3
3474,3,3
3635,3,3
3234,3,3
4326,3,7
3846,3,3
4307,3,7
3718,3,3
4380,3,7
4293,3,6
4245,3,6
3310,3,3
3983,3,3
3659,3,3
3919,3,3
3418,3,3
3044,3,3
3958,3,3
2989,3,2
4298,3,6
3223,3,3
3241,3,3
2252,3,2
3630,3,3
3977,3,3
3294,3,3
3356,3,3
3647,3,3
3913,3,3
3866,3,3
3008,3,3
3696,3,3
3272,3,3
3378,3,3
3560,3,3
3149,3,3
4213,3,6
3123,3,3
3790,3,3
3995,3,3
4260,3,6
3130,3,3
3562,3,3
3155,3,3
3277,3,3
3917,3,3
4322,3,7
3725,3,3
3704,3,3
3800,3,3
3655,3,3
4317,3,7
3666,3,3
3661,3,3
3682,3,3
4246,3,6
3502,3,3
3152,3,3
3763,3,3
3230,3,3
3150,3,3
3353,3,3
3205,3,3
3341,3,3
3385,3,3
3475,3,3
3523,3,3
3670,3,3
3567,3,3
3848,2,3
3955,2,3
3500,2,3
3890,2,3
3460,2,3
3703,2,3
3195,2,3
3911,2,3
4316,2,7
3822,2,3
3570,2,3
3173,2,3
3264,2,3
3512,2,3
3586,2,3
4363,2,7
3485,2,3
3690,2,3
3620,2,3
3179,2,3
3206,2,3
3495,2,3
3861,2,3
3377,2,3
3188,2,3
4290,2,6
2208,2,2
3196,2,3
3730,2,3
3127,2,3
3975,2,3
4275,2,6
3668,2,3
3394,2,3
4309,2,7
4361,2,7
3577,2,3
3786,2,3
3019,2,3
3707,2,3
4238,2,6
3792,2,3
4253,2,6
3665,2,3
3514,2,3
3210,2,3
3162,2,3
3862,2,3
3273,2,3
3397,2,3
3942,2,3
3464,2,3
3683,2,3
3005,2,3
3592,2,3
3693,2,3
4249,2,6
4262,2,6
3029,2,3
3213,2,3
3021,2,3
3589,2,3
3569,2,3
3652,2,3
4325,2,7
3297,2,3
3101,2,3
4215,2,6
3250,2,3
3954,2,3
3016,2,3
3817,2,3
3190,2,3
3845,2,3
3962,2,3
3633,2,3
4231,2,6
3772,2,3
3349,2,3
3656,2,3
4301,2,7
4233,2,6
3351,2,3
3082,2,3
3950,2,3
3902,2,3
3172,2,3
3209,2,3
3261,2,3
3499,2,3
3303,2,3
3097,2,3
3597,2,3
4357,2,7
3568,2,3
4204,2,6
3446,2,3
4217,2,6
3322,2,3
3860,2,3
3754,2,3
3379,2,3
3563,2,3
3376,2,3
3619,2,3
3948,2,3
3721,2,3
3381,2,3
3653,2,3
3275,2,3
3834,2,3
4382,2,7
3332,2,3
3865,2,3
3530,2,3
3420,2,3
3305,2,3
4243,2,6
4212,2,6
3243,2,3
3348,2,3
3850,2,3
3734,2,3
3882,2,3
3455,2,3
3070,2,3
3436,2,3
3074,2,3
3506,2,3
4261,2,6
3798,2,3
4210,2,6
3400,2,3
4239,2,6
3991,2,3
4364,2,7
3102,2,3
3828,2,3
4315,2,7
3603,2,3
4398,2,7
3894,2,3
3333,2,3
3538,2,3
4354,2,7
3949,2,3
3574,2,3
4305,2,7
4362,2,7
4222,2,6
4335,2,7
3583,2,3
3166,2,3
4311,2,7
3572,2,3
4312,2,7
3873,2,3
4202,2,6
3441,2,3
3789,2,3
4353,2,7
4392,2,7
3484,2,3
3646,2,3
3412,2,3
3007,2,3
3892,2,3
3372,2,3
3926,2,3
3766,2,3
3430,2,3
4270,2,6
3444,2,3
3095,2,3
3061,2,3
3133,2,3
3927,2,3
3571,2,3
3988,2,3
3197,2,3
3437,2,3
3315,2,3
3408,2,3
4366,2,7
3719,2,3
3084,2,3
3040,2,3
4289,2,6
4274,2,6
3775,2,3
3176,2,3
3217,2,3
4280,2,6
3137,2,3
3842,2,3
3271,2,3
3334,2,3
3492,2,3
3797,2,3
3449,2,3
3628,2,3
3416,2,3
4235,2,6
3463,2,3
4229,2,6
4376,2,7
3544,2,3
3625,2,3
3503,2,3
3258,2,3
4377,2,7
3170,2,3
3296,2,3
3971,2,3
3037,2,3
3863,2,3
3951,2,3
3147,2,3
3118,2,3
3875,2,3
3344,2,3
3937,2,3
3396,2,3
4252,2,6
3887,2,3
3036,2,3
3778,2,3
3144,2,3
3852,2,3
3906,2,3
3602,2,3
3132,2,3
3323,2,3
3939,2,3
3812,2,3
3675,2,3
3056,2,3
3552,2,3
3912,2,3
3701,2,3
3034,2,3
4365,2,7
3573,2,3
3642,2,3
3141,2,3
3524,2,3
3637,2,3
3268,2,3
4341,2,7
3623,2,3
3599,2,3
3622,2,3
3448,2,3
3794,2,3
3843,2,3
3284,2,3
3819,2,3
3145,2,3
3827,2,3
3626,2,3
3126,2,3
3639,2,3
3584,2,3
3657,2,3
3915,2,3
4282,2,6
3803,2,3
3527,2,3
3731,2,3
3785,2,3
3052,2,3
3270,2,3
3996,2,3
3596,2,3
3032,2,3
3905,2,3
3343,2,3
3969,2,3
3006,2,3
3491,2,3
3594,2,3
3970,2,3
3139,2,3
3777,2,3
3610,2,3
3214,2,3
3335,2,3
3286,2,3
4338,2,7
3472,2,3
3041,2,3
4201,2,6
3347,2,3
3494,2,3
3225,2,3
3362,2,3
4328,2,7
4395,2,7
3802,2,3
3547,2,3
3691,2,3
3358,2,3
3363,2,3
3654,2,3
3888,2,3
3175,2,3
4351,2,7
3867,2,3
3245,2,3
3726,2,3
4278,2,6
3549,1,3
3796,1,3
4390,1,7
3952,1,3
4227,1,6
4374,1,7
3187,1,3
4251,1,6
3832,1,3
3431,1,3
3504,1,3
3060,1,3
3771,1,3
3957,1,3
3153,1,3
3113,1,3
3299,1,3
3716,1,3
4241,1,6
3120,1,3
3467,1,3
3086,1,3
3224,1,3
3414,1,3
3438,1,3
4381,1,7
3558,1,3
4399,1,7
3435,1,3
3371,1,3
4331,1,7
3715,1,3
4344,1,7
3073,1,3
4273,1,6
3350,1,3
3142,1,3
3227,1,3
3440,1,3
3799,1,3
3345,1,3
3555,1,3
3543,1,3
3976,1,3
3289,1,3
3900,1,3
3267,1,3
4318,1,7
4388,1,7
3282,1,3
3274,1,3
3171,1,3
3098,1,3
4343,1,7
3445,1,3
4304,1,7
3469,1,3
4263,1,6
3327,1,3
4300,1,7
4327,1,7
3631,1,3
4345,1,7
3235,1,3
4224,1,6
3859,1,3
3756,1,3
3899,1,3
3421,1,3
4313,1,7
3065,1,3
3380,1,3
4268,1,6
3454,1,3
4264,1,6
3575,1,3
3694,1,3
3387,1,3
3550,1,3
3554,1,3
3781,1,3
3788,1,3
3931,1,3
3295,1,3
3844,1,3
3933,1,3
3115,1,3
3393,1,3
3404,1,3
3978,1,3
3001,1,3
4348,1,7
3359,1,3
3672,1,3
3858,1,3
3895,1,3
4372,1,7
3517,1,3
3415,1,3
3706,1,3
3662,1,3
3580,1,3
3511,1,3
3847,1,3
3687,1,3
3793,1,3
3251,1,3
3478,1,3
3306,1,3
3585,1,3
4272,1,6
3050,1,3
3476,1,3
3154,1,3
3382,1,3
3795,1,3
3045,1,3
3606,1,3
3237,1,3
3093,1,3
3263,1,3
3974,1,3
3281,1,3
3813,1,3
3658,1,3
3697,1,3
4369,1,7
3617,1,3
3768,1,3
3879,1,3
3220,1,3
3004,1,3
3425,1,3
3496,1,3
3729,1,3
3405,1,3
3519,1,3
3989,1,3
3071,1,3
3468,1,3
3710,1,3
3259,1,3
3354,1,3
3433,1,3
3728,1,3
4292,1,6
3916,1,3
4320,1,7
3208,1,3
4360,1,7
3811,1,3
4306,1,7
3447,1,3
3480,1,3
3058,1,3
3298,1,3
4303,1,7
3337,1,3
3015,1,3
3114,1,3
3893,1,3
3109,1,3
3531,1,3
3826,1,3
4221,1,6
3564,1,3
3240,1,3
3922,1,3
3536,1,3
3748,1,3
3856,1,3
3075,1,3
3092,1,3
3461,1,3
4237,1,6
3886,1,3
3876,1,3
3177,1,3
3801,1,3
3745,1,3
3003,1,3
3868,1,3
3279,1,3
3806,1,3
3497,1,3
3880,1,3
4389,1,7
3409,1,3
4284,1,6
3854,1,3
3403,1,3
3233,1,3
3473,1,3
3903,1,3
3613,1,3
3426,1,3
3889,1,3
3091,1,3
3292,1,3
3066,1,3
3229,1,3
4384,1,7
3049,1,3
3548,1,3
3262,1,3
3783,1,3
4385,1,7
3307,1,3
3878,1,3
3741,1,3
3910,1,3
3823,1,3
3546,1,3
3156,1,3
3853,1,3
3232,1,3
3089,1,3
3714,1,3
4294,1,6
3908,1,3
3028,1,3
3383,1,3
3621,1,3
3443,1,3
3231,1,3
3194,1,3
3638,1,3
3038,1,3
3369,1,3
4214,1,6
3479,1,3
3667,1,3
3047,1,3
3767,1,3
3432,1,3
3751,0,3
3384,0,3
4330,0,7
3565,0,3
3094,0,3
4337,0,7
3099,0,3
3390,0,3
3191,0,3
3765,0,3
3401,0,3
3588,0,3
3702,0,3
3072,0,3
3248,0,3
3941,0,3
3956,0,3
3389,0,3
3740,0,3
4310,0,7
3501,0,3
3968,0,3
3163,0,3
4219,0,6
3736,0,3
4205,0,6
4350,0,7
3776,0,3
3146,0,3
3370,0,3
3898,0,3
3128,0,3
3744,0,3
3836,0,3
3148,0,3
3452,0,3
3985,0,3
4216,0,6
3699,0,3
3755,0,3
3009,0,3
4391,0,7
3169,0,3
4378,0,7
3002,0,3
3131,0,3
3723,0,3
3489,0,3
3244,0,3
3165,0,3
3636,0,3
3201,0,3
3280,0,3
3018,0,3
3681,0,3
3526,0,3
3096,0,3
3265,0,3
3012,0,3
3838,0,3
3938,0,3
3218,0,3
3595,0,3
3318,0,3
3733,0,3
3929,0,3
4236,0,6
3411,0,3
3528,0,3
3987,0,3
3634,0,3
3874,0,3
3107,0,3
4244,0,6
4397,0,7
3365,0,3
3030,0,3
3805,0,3
3679,0,3
3254,0,3
3821,0,3
3764,0,3
3457,0,3
3122,0,3
