865,0,0
216,0,0
3550,0,3
2392,0,2
3142,0,3
3457,0,3
1026,0,1
830,0,0
203,0,0
872,1,0
3305,0,3
920,0,0
3225,0,3
1212,0,1
3188,0,3
1606,0,1
2306,0,2
3355,0,3
1535,0,1
3631,0,3
1580,0,1
2351,0,2
294,0,0
3640,0,3
3730,0,3
3976,0,3
4167,0,5
1341,0,1
1665,0,1
1009,0,1
4216,0,6
90,0,0
2437,0,2
60,0,0
3415,0,3
1299,0,1
2445,0,2
3438,0,3
3564,0,3
2269,0,2
3512,0,3
768,0,0
847,0,0
2111,0,2
4354,0,7
446,0,0
3087,0,3
1916,0,1
1872,0,1
206,0,0
2969,0,2
1470,0,1
3832,0,3
2515,0,2
180,0,0
3284,0,3
1315,0,1
767,0,0
261,0,0
577,0,0
97,0,0
2774,0,2
3181,0,3
1386,0,1
3389,0,3
2994,0,2
453,0,0
2828,0,2
1915,0,1
182,0,0
3729,0,3
3425,0,3
2712,0,2
305,0,0
3061,0,3
2189,0,2
1605,0,1
1329,0,1
1421,0,1
2501,0,2
1962,0,1
1598,0,1
1836,0,1
2344,0,2
3726,0,3
1109,0,1
2252,0,2
372,0,0
3243,0,3
636,0,0
2824,0,2
2995,0,2
3412,0,3
4173,0,5
4218,0,6
1927,0,1
347,0,0
683,0,0
3485,0,3
3269,0,3
163,0,0
1186,0,1
3557,0,3
1423,0,1
3891,0,3
2570,0,2
1187,0,1
976,0,0
4080,0,4
4291,0,6
1763,0,1
1696,0,1
1207,0,1
220,0,0
1124,0,1
1600,0,1
968,0,0
111,0,0
3806,0,3
2349,0,2
3396,0,3
121,0,0
3636,0,3
74,0,0
1170,0,1
838,0,0
1675,0,1
965,0,0
1251,0,1
328,0,0
2425,0,2
1682,0,1
1466,0,1
795,0,0
2871,0,2
1,0,0
2453,0,2
2927,0,2
3672,0,3
3320,0,3
1776,0,1
1985,0,1
290,1,0
260,0,0
1134,0,1
1099,0,1
3772,0,3
3238,0,3
4152,0,5
59,0,0
592,0,0
2696,0,2
2336,0,2
609,0,0
3673,0,3
1452,0,1
3947,0,3
3393,0,3
3907,0,3
3403,0,3
1742,0,1
3437,0,3
1060,0,1
4057,0,4
808,1,0
2683,0,2
241,0,0
4255,0,6
1639,0,1
3876,0,3
587,0,0
1518,0,1
2552,0,2
1017,0,1
383,0,0
393,0,0
3097,0,3
4065,0,4
4164,0,5
2241,0,2
293,0,0
1975,0,1
607,0,0
1438,0,1
3894,0,3
2721,0,2
29,0,0
1414,0,1
896,0,0
4183,0,5
2406,0,2
75,0,0
2807,0,2
544,0,0
3770,0,3
1662,0,1
1150,0,1
3192,0,3
3997,0,3
2340,0,2
2278,0,2
4246,0,6
3291,0,3
3574,0,3
3884,0,3
2488,0,2
3542,0,3
2764,0,2
581,0,0
1693,0,1
1756,0,1
903,0,0
2091,0,2
125,0,0
3521,0,3
361,0,0
252,0,0
387,0,0
664,0,0
133,0,0
2781,0,2
2163,0,2
2003,0,2
1472,0,1
692,0,0
96,0,0
3509,0,3
2963,0,2
52,0,0
4355,0,7
4282,0,6
2222,0,2
613,0,0
3162,0,3
1748,0,1
1408,0,1
3971,0,3
1014,0,1
2759,0,2
1503,0,1
4179,0,5
2580,0,2
1008,0,1
757,0,0
3048,0,3
596,0,0
1381,0,1
2096,0,2
3989,0,3
3353,0,3
1260,0,1
314,0,0
92,0,0
3688,0,3
3024,0,3
1338,0,1
1228,0,1
1750,0,1
2801,0,2
1266,0,1
1786,0,1
1794,0,1
2281,0,2
496,0,0
3489,0,3
3484,0,3
3146,0,3
2494,0,2
2030,0,2
3600,0,3
541,0,0
3016,0,3
3731,0,3
2000,0,2
2784,0,2
451,0,0
247,0,0
3077,0,3
774,0,0
2556,0,2
268,0,0
623,0,0
511,0,0
3417,0,3
459,0,0
2491,0,2
697,0,0
2379,0,2
1799,0,1
2806,0,2
4332,0,7
2617,0,2
4181,0,5
2050,0,2
1142,0,1
859,0,0
2831,0,2
2178,0,2
930,0,0
2388,0,2
2928,0,2
3847,0,3
57,0,0
1051,0,1
2879,0,2
2158,0,2
1583,0,1
1677,0,1
4161,0,5
3959,0,3
2567,0,2
3577,0,3
4146,0,5
4110,0,5
788,0,0
1002,0,1
4120,0,5
2447,0,2
336,0,0
2678,0,2
2224,0,2
3890,0,3
2636,0,2
474,0,0
8,0,0
2539,0,2
2554,0,2
2130,0,2
3601,0,3
2128,0,2
197,0,0
250,0,0
3768,0,3
1122,0,1
1965,0,1
3421,0,3
1527,0,1
3658,0,3
287,0,0
120,0,0
1471,0,1
3062,0,3
2345,0,2
3286,0,3
2172,0,2
3553,0,3
3781,0,3
560,0,0
907,0,0
2357,0,2
4395,0,7
2097,0,2
366,0,0
1036,0,1
3319,0,3
3789,0,3
1160,0,1
3915,0,3
3002,0,3
4099,0,4
2481,0,2
139,0,0
2693,0,2
2418,0,2
3940,0,3
2487,0,2
3469,0,3
1882,0,1
3091,0,3
3913,0,3
972,0,0
134,0,0
913,0,0
1849,0,1
776,0,0
2444,0,2
1005,0,1
2092,0,2
3864,0,3
657,0,0
3066,0,3
1949,0,1
4324,0,7
1078,0,1
780,0,0
4125,0,5
4091,0,4
1427,0,1
1800,0,1
2077,0,2
2095,0,2
2610,0,2
3067,0,3
542,0,0
2467,0,2
3141,0,3
2933,0,2
3098,0,3
717,0,0
3005,0,3
3221,0,3
2420,0,2
3648,0,3
4130,0,5
1397,0,1
1728,0,1
950,0,0
493,0,0
1447,0,1
2458,0,2
2342,0,2
942,0,0
2856,0,2
1623,0,1
963,0,0
1443,0,1
1073,0,1
3767,0,3
749,0,0
4353,0,7
174,0,0
3253,0,3
3175,0,3
2047,0,2
3407,0,3
2337,0,2
2155,0,2
62,0,0
3530,0,3
4064,0,4
325,0,0
2691,0,2
204,0,0
1282,0,1
635,0,0
1716,0,1
3589,0,3
345,0,0
3413,0,3
3704,0,3
30,0,0
4129,0,5
3628,0,3
3409,0,3
1434,0,1
588,0,0
545,0,0
1869,0,1
364,0,0
2859,0,2
679,0,0
2780,0,2
579,0,0
2793,0,2
373,0,0
2507,0,2
2638,0,2
2067,0,2
3191,0,3
2536,0,2
102,0,0
2474,0,2
185,0,0
809,0,0
612,0,0
797,0,0
2209,0,2
327,0,0
3318,0,3
3506,0,3
1650,0,1
3411,0,3
2549,0,2
2019,0,2
3775,0,3
46,0,0
3511,0,3
1999,0,1
906,0,0
3018,0,3
1940,0,1
1502,0,1
3599,0,3
4072,0,4
3812,0,3
4327,0,7
813,0,0
984,0,0
914,0,0
1227,0,1
2352,0,2
71,0,0
2752,0,2
3292,0,3
2459,0,2
2959,0,2
2956,0,2
4237,0,6
1919,0,1
2243,0,2
720,0,0
2066,0,2
1031,0,1
1123,0,1
2786,0,2
2651,0,2
3223,0,3
3333,0,3
3199,0,3
4124,0,5
1103,0,1
1440,0,1
3380,0,3
790,0,0
1393,0,1
1023,0,1
208,0,0
3944,0,3
2120,0,2
3810,0,3
2990,0,2
1922,0,1
3536,0,3
2080,0,2
3747,0,3
2524,0,2
1574,0,1
911,0,0
3683,0,3
1856,0,1
253,0,0
3310,0,3
1793,0,1
2771,0,2
27,0,0
3660,0,3
4194,0,5
1967,0,1
2465,0,2
703,1,0
2848,0,2
1780,0,1
458,0,0
835,0,0
1201,0,1
3993,0,3
1626,0,1
2945,0,2
259,0,0
2866,0,2
2885,0,2
3632,0,3
2586,0,2
2372,0,2
3622,0,3
4376,0,7
1352,0,1
3708,0,3
4205,0,6
1087,0,1
4176,0,5
2220,0,2
402,0,0
2319,0,2
921,0,0
209,0,0
2308,0,2
1969,0,1
498,0,0
2463,0,2
2533,0,2
1757,0,1
1512,0,1
2010,0,2
3504,0,3
3079,0,3
4016,0,4
851,0,0
1039,0,1
4349,0,7
3627,0,3
1244,0,1
737,0,0
2983,0,2
2381,0,2
3930,0,3
1257,0,1
1179,0,1
1635,0,1
1648,0,1
4037,0,4
1917,0,1
3129,0,3
1210,0,1
2312,0,2
2904,0,2
2065,0,2
1325,0,1
3040,0,3
1556,0,1
3397,0,3
2101,0,2
2206,0,2
3166,0,3
1289,0,1
11,0,0
2594,0,2
1597,0,1
2270,0,2
3174,0,3
2176,0,2
3586,0,3
4092,0,4
3865,0,3
3248,0,3
2974,0,2
2230,0,2
4243,0,6
295,0,0
4272,0,6
3983,0,3
2811,0,2
443,0,0
576,0,0
2210,0,2
3349,0,3
1337,0,1
1236,0,1
3840,0,3
2490,0,2
2942,0,2
4253,0,6
1152,0,1
323,1,0
2937,0,2
2618,0,2
1444,0,1
1295,0,1
199,0,0
4297,0,6
3241,0,3
2847,0,2
225,0,0
1622,0,1
619,0,0
1847,0,1
2083,0,2
1140,0,1
2953,0,2
3859,0,3
2593,0,2
3764,0,3
3545,0,3
2114,0,2
3481,0,3
3717,0,3
2249,0,2
266,0,0
2232,0,2
3759,0,3
1359,0,1
2485,0,2
68,0,0
4035,0,4
449,0,0
1449,0,1
2697,0,2
3603,0,3
3598,0,3
100,0,0
4399,0,7
1226,0,1
923,0,0
1942,0,1
2500,0,2
3595,0,3
3255,0,3
4383,0,7
1235,0,1
678,0,0
4111,0,5
3925,0,3
452,0,0
101,0,0
591,0,0
3211,0,3
3039,0,3
812,0,0
3520,0,3
4009,0,4
236,0,0
1781,0,1
3701,0,3
3814,0,3
1497,0,1
4195,0,5
279,1,0
3230,0,3
2333,0,2
1318,0,1
882,0,0
943,0,0
794,0,0
270,0,0
205,0,0
2543,0,2
3290,0,3
3478,0,3
277,0,0
1713,0,1
1889,0,1
4052,0,4
1938,0,1
1171,0,1
1876,0,1
4281,0,6
445,0,0
406,0,0
3126,0,3
3109,0,3
1019,0,1
4145,0,5
1250,0,1
2334,0,2
3753,0,3
3970,0,3
3297,0,3
2987,0,2
2431,0,2
257,0,0
2362,0,2
258,0,0
3510,0,3
3604,0,3
979,0,0
1422,0,1
311,0,0
2809,0,2
3929,0,3
3493,0,3
3053,0,3
2452,0,2
350,0,0
369,0,0
2923,0,2
2466,0,2
3108,0,3
3267,0,3
395,0,0
673,0,0
1850,0,1
1832,0,1
4279,0,6
538,0,0
1933,0,1
1067,0,1
1652,0,1
2829,0,2
194,0,0
4227,0,6
961,0,0
3395,0,3
2578,0,2
1939,0,1
1370,0,1
143,0,0
3937,0,3
82,0,0
2509,0,2
1726,0,1
2597,0,2
2405,0,2
469,0,0
2584,0,2
374,0,0
2968,0,2
1551,0,1
741,0,0
2563,0,2
342,0,0
3279,0,3
572,0,0
2997,0,2
1012,0,1
1708,0,1
3626,0,3
88,0,0
3779,0,3
519,0,0
3003,0,3
3450,0,3
2203,0,2
4370,0,7
1680,0,1
3934,0,3
2170,0,2
1125,0,1
3032,0,3
1604,0,1
346,0,0
1079,0,1
3669,0,3
2889,0,2
1045,0,1
2428,0,2
3828,0,3
3936,0,3
330,0,0
1724,0,1
4131,0,5
748,0,0
380,0,0
4019,0,4
1433,0,1
3316,0,3
2946,0,2
1082,0,1
1616,0,1
3690,0,3
3466,0,3
2078,0,2
1241,0,1
2929,0,2
23,0,0
4102,0,5
3171,0,3
849,0,0
2581,0,2
2881,0,2
2213,0,2
4394,0,7
1637,0,1
3081,0,3
1224,0,1
3227,0,3
2738,0,2
315,0,0
2492,0,2
1333,0,1
2121,0,2
2150,0,2
3646,0,3
4296,0,6
4314,0,7
543,0,0
3499,0,3
2002,0,2
4322,0,7
1618,0,1
2532,0,2
4266,0,6
4329,0,7
2368,0,2
1506,0,1
1740,0,1
1441,1,1
19,0,0
2136,0,2
2126,0,2
3049,0,3
3515,0,3
3015,0,3
3289,0,3
1522,0,1
898,0,0
690,0,0
3795,0,3
3757,0,3
2275,0,2
1898,0,1
3698,0,3
4055,0,4
2277,0,2
3941,0,3
3821,0,3
2679,0,2
1238,0,1
385,0,0
4067,0,4
3139,0,3
893,0,0
1445,0,1
4095,0,4
3895,0,3
2320,0,2
425,0,0
3782,0,3
4379,0,7
1629,0,1
1874,0,1
1968,0,1
1409,0,1
3331,0,3
2758,0,2
1348,0,1
3612,0,3
4031,0,4
3897,0,3
1770,0,1
2410,0,2
1074,0,1
723,0,0
746,0,0
2960,0,2
4168,0,5
677,0,0
939,0,0
1810,0,1
818,0,0
2591,0,2
4238,0,6
2060,0,2
2214,0,2
358,0,0
504,0,0
570,0,0
2400,0,2
3085,0,3
1584,0,1
602,0,0
217,0,0
42,0,0
2258,0,2
291,0,0
995,0,0
2179,0,2
3262,0,3
2912,0,2
1721,0,1
958,0,0
1481,0,1
2174,0,2
1769,0,1
3548,0,3
2321,0,2
3986,0,3
1468,0,1
2138,0,2
456,0,0
3490,0,3
3148,0,3
6,0,0
2013,0,2
2540,0,2
622,0,0
4204,0,6
1744,0,1
2318,0,2
4388,0,7
184,0,0
2069,0,2
2763,0,2
1279,0,1
1851,0,1
3242,0,3
2744,0,2
3309,0,3
1278,0,1
3064,0,3
4352,0,7
2961,0,2
3210,0,3
1133,0,1
1505,0,1
4347,0,7
409,0,0
2627,0,2
603,0,0
1028,0,1
2054,0,2
1204,0,1
1957,0,1
4214,0,6
2788,0,2
3128,0,3
4040,0,4
3313,0,3
3240,0,3
353,0,0
18,0,0
2291,0,2
687,0,0
3653,0,3
1105,0,1
1660,0,1
2087,0,2
2882,0,2
2620,0,2
2442,0,2
3446,0,3
2860,0,2
3739,0,3
1746,0,1
3495,0,3
4018,0,4
533,0,0
2449,0,2
1491,0,1
1311,0,1
3624,0,3
824,0,0
2894,0,2
4287,0,6
2867,0,2
3315,0,3
1679,0,1
447,0,0
860,0,0
983,0,0
173,0,0
3540,0,3
765,0,0
617,0,0
3906,0,3
2621,0,2
2643,0,2
2761,0,2
2773,0,2
397,0,0
1977,0,1
1396,0,1
3988,0,3
632,0,0
2147,0,2
2378,0,2
3475,0,3
4219,0,6
1910,0,1
3519,0,3
2985,0,2
3075,0,3
2632,0,2
647,0,0
2905,0,2
740,0,0
2659,0,2
1418,0,1
1269,0,1
3868,0,3
2326,0,2
1366,0,1
4368,0,7
947,0,0
2952,0,2
4137,0,5
4333,0,7
86,0,0
1121,0,1
2416,0,2
762,0,0
2036,0,2
843,0,0
3841,0,3
4386,0,7
3578,0,3
761,0,0
1894,0,1
1499,0,1
2979,0,2
1029,0,1
3474,0,3
978,0,0
763,0,0
1702,0,1
3563,0,3
3076,0,3
4098,0,4
2897,0,2
1539,0,1
702,0,0
2190,0,2
1533,0,1
2878,0,2
1603,0,1
1831,0,1
2255,0,2
660,0,0
2907,0,2
3819,0,3
3256,0,3
571,0,0
157,0,0
716,0,0
3946,0,3
1068,0,1
3196,0,3
1990,0,1
431,0,0
2427,0,2
39,0,0
1166,0,1
473,0,0
1034,0,1
3362,0,3
2869,0,2
4100,0,5
1015,0,1
278,0,0
1779,0,1
1219,0,1
2257,0,2
789,0,0
2045,0,2
3902,0,3
2265,0,2
3619,0,3
2962,0,2
2557,0,2
959,0,0
3824,0,3
3118,0,3
3327,0,3
606,0,0
1528,0,1
2649,0,2
167,0,0
4215,0,6
1395,0,1
922,1,0
2325,0,2
4159,0,5
1232,0,1
2767,0,2
726,0,0
4127,0,5
3908,0,3
2014,0,2
3219,0,3
3443,0,3
1585,0,1
525,0,0
1057,0,1
1137,0,1
1185,0,1
524,0,0
426,0,0
2840,0,2
2701,0,2
3302,0,3
1909,0,1
3473,0,3
48,0,0
3863,0,3
1498,0,1
4049,0,4
155,0,0
113,0,0
2446,0,2
2748,0,2
1485,0,1
946,0,0
4143,0,5
301,0,0
2234,0,2
3205,0,3
3780,0,3
4313,0,7
442,0,0
2716,0,2
477,0,0
2909,0,2
4233,0,6
4060,0,4
1811,0,1
4023,0,4
998,0,0
3746,0,3
1050,0,1
3886,0,3
2779,0,2
3996,0,3
3494,0,3
3921,0,3
820,0,0
2800,0,2
95,0,0
3500,0,3
928,0,0
2925,0,2
1562,0,1
234,0,0
507,0,0
4326,0,7
1374,0,1
1783,0,1
2544,0,2
2911,0,2
1570,0,1
1640,0,1
4375,0,7
1687,0,1
1222,0,1
2947,0,2
634,0,0
1362,0,1
3351,0,3
2007,0,2
3721,0,3
2790,0,2
1569,0,1
1430,0,1
3350,0,3
876,0,0
3798,0,3
955,0,0
2590,0,2
2247,0,2
370,0,0
1575,0,1
3516,0,3
3743,0,3
1276,0,1
1877,0,1
455,0,0
704,0,0
935,0,0
3035,0,3
2329,0,2
467,0,0
0,0,0
2076,0,2
495,0,0
3508,0,3
4177,0,5
3183,0,3
3099,0,3
1875,0,1
1880,0,1
2503,0,2
3982,0,3
2646,0,2
162,0,0
2785,0,2
2434,0,2
710,0,0
2004,0,2
1609,0,1
1254,0,1
787,0,0
282,0,0
3568,0,3
1096,0,1
3978,0,3
1628,0,1
4387,0,7
626,0,0
3513,0,3
1686,0,1
3652,0,3
988,0,0
1893,0,1
565,0,0
1766,0,1
2992,0,2
3369,0,3
2341,0,2
2183,0,2
3348,0,3
1358,0,1
1747,0,1
3689,0,3
3008,0,3
724,0,0
1896,0,1
4334,0,7
4373,0,7
2658,0,2
793,0,0
2834,0,2
3755,0,3
1854,0,1
2201,0,2
841,0,0
4268,0,6
2537,0,2
1378,0,1
815,0,0
975,0,0
3180,0,3
2890,0,2
2194,0,2
2858,0,2
263,0,0
3476,0,3
2742,0,2
1153,0,1
665,0,0
3807,0,3
4321,0,7
1732,0,1
3236,0,3
3203,0,3
3357,0,3
4377,0,7
3535,0,3
4310,0,7
3964,0,3
488,0,0
1982,0,1
2888,0,2
1457,0,1
424,0,0
2242,0,2
3065,0,3
778,0,0
3991,0,3
2139,0,2
4397,0,7
4010,0,4
3977,0,3
2943,0,2
2260,0,2
4316,0,7
2089,0,2
4367,0,7
4133,0,5
2470,0,2
3330,0,3
2365,0,2
962,0,0
1046,0,1
337,0,0
3756,0,3
3694,0,3
1663,0,1
2518,0,2
2088,0,2
2188,0,2
2404,0,2
3732,0,3
4264,0,6
2498,0,2
1429,0,1
3957,0,3
1601,0,1
1853,0,1
2022,0,2
2736,0,2
1673,0,1
1490,0,1
877,0,0
3416,0,3
3101,0,3
1964,0,1
3340,0,3
1205,0,1
1787,0,1
3088,0,3
2376,0,2
967,0,0
1801,0,1
1802,0,1
4071,0,4
2184,0,2
2454,0,2
1038,0,1
242,0,0
2414,0,2
1467,0,1
1538,0,1
873,0,0
1218,0,1
4108,0,5
4269,0,6
3953,0,3
3856,0,3
1136,0,1
20,0,0
2118,0,2
2832,0,2
3156,0,3
2872,0,2
1820,0,1
1840,0,1
1265,0,1
1453,0,1
1081,0,1
1406,0,1
738,1,0
1476,0,1
909,0,0
441,0,0
2129,0,2
3027,0,3
168,0,0
4212,0,6
2699,0,2
3057,0,3
3523,0,3
802,0,0
3751,0,3
3293,0,3
1842,0,1
2287,0,2
2760,0,2
36,0,0
3266,0,3
2892,0,2
417,0,0
659,0,0
2642,0,2
1392,0,1
2328,0,2
3974,0,3
3392,0,3
2916,0,2
178,0,0
502,1,0
3427,0,3
1627,0,1
3384,0,3
3452,0,3
1164,0,1
3201,0,3
3382,0,3
589,0,0
719,0,0
3588,0,3
399,0,0
4073,0,4
3713,0,3
2185,0,2
4140,0,5
932,0,0
53,0,0
2483,0,2
2527,0,2
1905,0,1
4083,0,4
2751,0,2
2132,0,2
4358,0,7
1765,0,1
3741,0,3
633,0,0
732,0,0
3822,0,3
1925,0,1
3958,0,3
2769,0,2
2665,0,2
604,0,0
3050,0,3
739,0,0
593,1,0
674,0,0
4026,0,4
867,0,0
4231,0,6
1592,0,1
3611,0,3
1285,0,1
4250,0,6
3899,0,3
2127,0,2
999,0,0
3602,0,3
2653,0,2
4207,0,6
4069,0,4
1678,0,1
2852,0,2
1092,0,1
491,0,0
3352,0,3
2383,0,2
292,0,0
2021,0,2
4109,0,5
1647,0,1
160,0,0
3110,0,3
3026,0,3
1545,0,1
3670,0,3
439,0,0
2177,0,2
3735,0,3
1268,0,1
3184,0,3
2109,0,2
940,0,0
1564,0,1
3579,0,3
628,0,0
1191,0,1
2583,0,2
3136,0,3
2246,0,2
1698,0,1
1275,0,1
3981,0,3
286,0,0
3998,0,3
3637,0,3
4001,0,4
472,0,0
686,0,0
470,0,0
1154,0,1
1401,0,1
2936,0,2
3647,0,3
4390,0,7
1234,0,1
2034,0,2
912,0,0
1993,0,1
2398,0,2
1858,0,1
4365,0,7
1320,0,1
1486,0,1
1844,0,1
3020,0,3
2272,0,2
3620,0,3
4356,0,7
605,0,0
312,0,0
681,0,0
530,0,0
2033,0,2
888,0,0
170,0,0
880,0,0
3089,0,3
1642,0,1
3322,0,3
1292,0,1
99,0,0
3280,0,3
1515,0,1
1304,0,1
3153,0,3
2914,0,2
3084,0,3
3691,0,3
3596,0,3
3665,0,3
1519,0,1
2005,0,2
2166,0,2
202,0,0
2572,0,2
4382,0,7
850,0,0
1090,0,1
3663,0,3
112,0,0
3979,0,3
2725,0,2
1379,0,1
1302,0,1
941,0,0
3855,0,3
3164,0,3
766,0,0
25,0,0
2228,0,2
3259,0,3
79,0,0
804,0,0
3861,0,3
3762,0,3
436,0,0
2235,0,2
122,0,0
3168,0,3
2048,0,2
2421,0,2
1812,0,1
1873,0,1
2663,0,2
3581,0,3
4319,0,7
2868,0,2
1852,0,1
3905,0,3
3209,0,3
103,0,0
1274,0,1
2915,0,2
2783,0,2
783,0,0
714,0,0
2733,0,2
1128,0,1
2031,0,2
1828,0,1
3852,0,3
1022,0,1
2926,0,2
3283,0,3
1619,0,1
1918,0,1
2511,0,2
94,0,0
1587,0,1
2734,0,2
4048,0,4
2363,0,2
2290,0,2
2720,0,2
861,0,0
2514,0,2
973,1,0
3677,0,3
2530,0,2
1992,0,1
276,0,0
736,0,0
4121,0,5
1206,0,1
1834,0,1
16,0,0
3583,0,3
2891,0,2
339,0,0
4256,0,6
1714,0,1
2068,0,2
1709,0,1
2477,0,2
3477,0,3
1644,0,1
2384,0,2
83,0,0
2332,0,2
2175,0,2
4201,0,6
2652,0,2
4042,0,4
4374,0,7
2032,0,2
887,0,0
1340,0,1
2359,0,2
3178,0,3
2972,0,2
3483,0,3
655,0,0
931,0,0
1955,0,1
1293,0,1
1996,0,1
1346,0,1
3939,0,3
1052,0,1
3274,0,3
3796,0,3
3700,0,3
3324,0,3
1577,0,1
1018,0,1
1119,0,1
2373,0,2
3193,0,3
3122,0,3
2607,0,2
15,0,0
4280,0,6
3037,0,3
4053,0,4
627,0,0
3375,0,3
3078,0,3
2106,0,2
2198,0,2
827,0,0
992,0,0
2285,0,2
3799,0,3
1814,0,1
3358,0,3
1426,0,1
3954,0,3
3866,0,3
3552,0,3
1377,0,1
3092,0,3
4265,0,6
1822,0,1
3149,0,3
4199,0,5
343,0,0
2375,0,2
368,0,0
1477,0,1
4107,0,5
4369,0,7
3501,0,3
3233,0,3
1188,0,1
520,0,0
858,0,0
772,0,0
3617,0,3
77,0,0
1189,0,1
3571,0,3
1174,0,1
2489,0,2
1436,0,1
3071,0,3
1798,0,1
3246,0,3
517,0,0
2823,0,2
1417,0,1
433,0,0
508,0,0
721,0,0
2588,0,2
3317,0,3
2624,0,2
2504,0,2
438,0,0
892,0,0
3059,0,3
1091,0,1
863,0,0
2225,0,2
1809,0,1
688,0,0
223,0,0
464,0,0
55,0,0
3592,0,3
1908,0,1
1000,0,1
3154,0,3
171,0,0
709,0,0
1349,0,1
2370,0,2
803,0,0
3107,0,3
371,0,0
3137,0,3
394,0,0
272,0,0
3414,0,3
191,0,0
1405,0,1
1303,0,1
414,0,0
1473,0,1
2435,0,2
303,0,0
3232,0,3
4157,0,5
2041,0,2
1335,0,1
3678,0,3
1203,0,1
1048,0,1
1196,0,1
3956,0,3
2335,0,2
3448,0,3
2523,0,2
480,0,0
1588,0,1
108,0,0
3844,0,3
1638,0,1
728,0,0
4234,0,6
1383,0,1
1308,0,1
362,0,0
4086,0,4
2687,0,2
4061,0,4
2797,0,2
1240,0,1
1517,0,1
3224,0,3
2461,0,2
668,0,0
2935,0,2
4299,0,6
2506,0,2
1890,0,1
1646,0,1
4089,0,4
213,0,0
494,0,0
1069,0,1
408,0,0
2348,0,2
2102,0,2
1561,0,1
3361,0,3
3572,0,3
2310,0,2
1309,0,1
3776,0,3
1707,0,1
3419,0,3
2874,0,2
320,0,0
1711,0,1
3922,0,3
4029,0,4
3021,0,3
1198,0,1
2142,0,2
1354,0,1
595,0,0
169,0,0
3816,0,3
879,0,0
1843,0,1
3176,0,3
2647,0,2
4286,0,6
245,0,0
698,0,0
755,0,0
2192,0,2
2984,0,2
2347,0,2
3276,0,3
4003,0,4
2038,0,2
3659,0,3
2822,0,2
1617,0,1
248,0,0
616,0,0
4328,0,7
734,0,0
2808,0,2
198,0,0
1054,0,1
1573,0,1
918,0,0
4259,0,6
309,0,0
2156,0,2
3774,0,3
1878,0,1
557,0,0
1016,0,1
2690,0,2
1549,0,1
1980,0,1
1431,0,1
729,0,0
3245,0,3
694,0,0
3143,0,3
2422,0,2
2538,0,2
1900,0,1
2311,0,2
2131,0,2
1508,0,1
2028,0,2
1223,0,1
2728,0,2
1256,0,1
3295,0,3
2110,0,2
2469,0,2
539,0,0
3308,0,3
2191,0,2
528,0,0
1974,0,1
800,0,0
891,0,0
4135,0,5
2186,0,2
1610,0,1
3492,0,3
2719,0,2
4337,0,7
4170,0,5
1514,0,1
1888,0,1
2818,0,2
2555,0,2
3370,0,3
2695,0,2
1633,0,1
3356,0,3
586,0,0
744,0,0
1163,0,1
2589,0,2
3160,0,3
925,0,0
2957,0,2
4021,0,4
76,0,0
419,0,0
1966,0,1
1667,0,1
3404,0,3
4357,0,7
1013,0,1
1759,0,1
3336,0,3
264,0,0
3633,0,3
2670,0,2
2954,0,2
798,0,0
384,0,0
1006,0,1
1536,0,1
2553,0,2
3582,0,3
3699,0,3
615,0,0
3347,0,3
1823,0,1
3435,0,3
1929,0,1
4123,0,5
1460,0,1
1571,0,1
3165,0,3
396,0,0
1116,0,1
129,0,0
842,0,0
951,0,0
3935,0,3
2343,0,2
2262,0,2
2910,0,2
1403,0,1
3335,0,3
3031,0,3
986,0,0
2358,0,2
2124,0,2
2081,0,2
3268,0,3
652,0,0
2090,0,2
4101,0,5
2317,0,2
3488,0,3
1230,0,1
132,0,0
2216,0,2
4362,0,7
2457,0,2
2008,0,2
4188,0,5
3418,0,3
3734,0,3
138,0,0
4247,0,6
897,0,0
3028,0,3
359,0,0
1963,0,1
4302,0,7
4119,0,5
725,0,0
333,0,0
966,0,0
1190,0,1
1705,0,1
2603,0,2
3533,0,3
1796,0,1
3664,0,3
1510,0,1
1327,0,1
934,0,0
302,0,0
1676,0,1
2615,0,2
3458,0,3
4392,0,7
546,0,0
1388,0,1
2472,0,2
1541,0,1
3004,0,3
2644,0,2
4338,0,7
1895,0,1
3758,0,3
670,0,0
1249,0,1
3120,0,3
3580,0,3
3803,0,3
3529,0,3
2951,0,2
1737,0,1
3955,0,3
1923,0,1
4126,0,5
3615,0,3
2396,0,2
3965,0,3
540,0,0
1659,0,1
422,0,0
296,0,0
2895,0,2
3893,0,3
1887,0,1
4366,0,7
929,0,0
3716,0,3
4142,0,5
4262,0,6
4175,0,5
3311,0,3
2165,0,2
3341,0,3
2079,0,2
3992,0,3
3919,0,3
3069,0,3
1146,0,1
3727,0,3
1059,0,1
2276,0,2
2770,0,2
2660,0,2
2117,0,2
1576,0,1
3887,0,3
1178,0,1
3094,0,3
149,0,0
2789,0,2
423,0,0
1543,0,1
1818,0,1
3931,0,3
2707,0,2
1658,0,1
4011,0,4
1941,0,1
1450,0,1
4191,0,5
3041,0,3
2499,0,2
1139,0,1
1943,0,1
3569,0,3
1608,0,1
429,0,0
1845,0,1
1565,0,1
862,0,0
2772,0,2
2913,0,2
1816,0,1
731,0,0
1704,0,1
1859,0,1
4105,0,5
2432,0,2
1989,0,1
3657,0,3
523,0,0
4070,0,4
1829,0,1
2182,0,2
2301,0,2
2059,0,2
2520,0,2
1509,0,1
4097,0,4
2355,0,2
2403,0,2
3454,0,3
3990,0,3
868,0,0
2592,0,2
4185,0,5
2810,0,2
705,0,0
3017,0,3
4361,0,7
1077,0,1
84,0,0
70,0,0
1263,0,1
1736,0,1
1838,0,1
2622,0,2
3226,0,3
2548,0,2
3791,0,3
3060,0,3
2724,0,2
3467,0,3
4190,0,5
3911,0,3
3505,0,3
3696,0,3
2455,0,2
2346,0,2
1480,0,1
1120,0,1
4249,0,6
1546,0,1
3534,0,3
1301,0,1
2105,0,2
3093,0,3
1001,0,1
629,0,0
2722,0,2
1620,0,1
1988,0,1
1745,0,1
2001,0,2
3432,0,3
1516,0,1
526,0,0
3950,0,3
1167,0,1
3528,0,3
3019,0,3
2562,0,2
267,0,0
2561,0,2
2100,0,2
430,0,0
2253,0,2
828,0,0
2978,0,2
3001,0,3
583,0,0
2049,0,2
1871,0,1
2103,0,2
4251,0,6
3054,0,3
2606,0,2
1208,0,1
552,0,0
2560,0,2
1671,0,1
4148,0,5
536,0,0
2958,0,2
3881,0,3
2812,0,2
2330,0,2
1287,0,1
2108,0,2
878,0,0
3686,0,3
14,0,0
1789,0,1
730,0,0
3537,0,3
1668,0,1
1065,0,1
2756,0,2
4300,0,7
1902,0,1
573,0,0
3525,0,3
2547,0,2
773,0,0
4033,0,4
2266,0,2
3778,0,3
2157,0,2
563,0,0
2180,0,2
3271,0,3
727,0,0
2148,0,2
3426,0,3
210,0,0
468,0,0
2599,0,2
574,0,0
844,0,0
3440,0,3
3561,0,3
177,0,0
2040,0,2
638,0,0
4041,0,4
1826,0,1
4330,0,7
2664,0,2
2877,0,2
4081,0,4
2115,0,2
427,0,0
3831,0,3
2735,0,2
2827,0,2
4261,0,6
1883,0,1
355,0,0
3591,0,3
2673,0,2
3359,0,3
1581,0,1
625,0,0
3693,0,3
244,0,0
1636,0,1
3607,0,3
64,0,0
2484,0,2
1947,0,1
148,0,0
2084,0,2
839,0,0
2125,0,2
933,0,0
701,0,0
3616,0,3
869,0,0
3576,0,3
1336,0,1
1389,0,1
2565,0,2
1582,0,1
3145,0,3
3371,0,3
1717,0,1
2419,0,2
2169,0,2
3645,0,3
2901,0,2
957,0,0
3217,0,3
3784,0,3
3927,0,3
3785,0,3
575,0,0
1258,0,1
4372,0,7
620,0,0
3960,0,3
1669,0,1
2639,0,2
2496,0,2
521,0,0
2195,0,2
2609,0,2
3177,0,3
1684,0,1
989,0,0
51,0,0
522,0,0
564,0,0
771,0,0
3388,0,3
1953,0,1
3022,0,3
420,0,0
1220,0,1
2842,0,2
919,0,0
4015,0,4
475,0,0
1488,0,1
2387,0,2
1117,0,1
1262,0,1
2991,0,2
667,0,0
3949,0,3
1428,0,1
3999,0,3
3562,0,3
3590,0,3
675,0,0
3373,0,3
1885,0,1
3063,0,3
990,0,0
2671,0,2
2104,0,2
1808,0,1
695,0,0
2982,0,2
1563,0,1
1730,0,1
1066,0,1
421,0,0
3429,0,3
4396,0,7
3385,0,3
136,0,0
2462,0,2
3187,0,3
1330,0,1
4323,0,7
3127,0,3
3496,0,3
32,0,0
1350,0,1
1138,0,1
3853,0,3
1723,0,1
2251,0,2
551,0,0
166,1,0
227,0,0
3676,0,3
2750,0,2
3842,0,3
758,0,0
4104,0,5
875,0,0
3875,0,3
2674,0,2
3984,0,3
3668,0,3
1983,0,1
2802,0,2
2662,0,2
1674,0,1
1371,0,1
485,0,0
233,0,0
123,0,0
2631,0,2
529,0,0
1035,0,1
78,0,0
2460,0,2
1173,0,1
819,0,0
300,0,0
2107,0,2
2821,0,2
3140,0,3
2844,0,2
1094,0,1
4371,0,7
646,0,0
982,0,0
516,0,0
229,0,0
1404,0,1
3179,0,3
3399,0,3
4284,0,6
4024,0,4
2193,0,2
1280,0,1
2657,0,2
2231,0,2
769,0,0
3904,0,3
854,0,0
2776,0,2
2973,0,2
2294,0,2
4223,0,6
1419,0,1
1540,0,1
1692,0,1
1991,0,1
1367,0,1
751,0,0
274,0,0
1075,0,1
792,0,0
3630,0,3
435,0,0
2029,0,2
1762,0,1
3213,0,3
2863,0,2
1261,0,1
658,0,0
232,0,0
645,0,0
2681,0,2
4278,0,6
2637,0,2
2939,0,2
3567,0,3
2766,0,2
1183,0,1
4389,0,7
4211,0,6
1344,0,1
4312,0,7
158,0,0
3889,0,3
1247,0,1
3849,0,3
4398,0,7
2267,0,2
4273,0,6
2071,1,2
1129,0,1
4290,0,6
2899,0,2
4385,0,7
2587,0,2
3051,0,3
2616,0,2
1324,0,1
902,0,0
47,0,0
2510,0,2
2025,0,2
1156,0,1
3345,0,3
799,0,0
2051,0,2
1410,0,1
2137,0,2
4077,0,4
3667,0,3
2726,0,2
3033,0,3
1451,0,1
1165,0,1
3431,0,3
4260,0,6
1231,0,1
1420,0,1
1931,0,1
1459,0,1
3367,0,3
2757,0,2
937,0,0
3682,0,3
1645,0,1
644,0,0
3287,0,3
3507,0,3
1855,0,1
3376,0,3
3745,0,3
1863,0,1
2791,0,2
2843,0,2
1706,0,1
500,0,0
3723,0,3
188,1,0
2976,0,2
2044,0,2
2239,0,2
299,0,0
3833,0,3
2845,0,2
1924,0,1
1554,0,1
614,0,0
4154,0,5
974,0,0
4025,0,4
2401,0,2
3606,0,3
2682,0,2
3123,0,3
398,0,0
1653,0,1
4305,0,7
321,0,0
3198,0,3
2338,0,2
93,0,0
379,0,0
391,0,0
611,0,0
2980,0,2
3715,0,3
2046,0,2
1326,0,1
1926,0,1
1391,0,1
471,0,0
2244,0,2
2369,0,2
2740,0,2
3675,0,3
450,0,0
4034,0,4
117,0,0
147,0,0
4020,1,4
1821,0,1
3366,0,3
2645,0,2
2233,0,2
2263,0,2
1755,0,1
1108,0,1
3817,0,3
2497,0,2
4094,0,4
2564,0,2
837,0,0
486,0,0
3105,0,3
1771,0,1
28,0,0
1102,0,1
601,0,0
2211,0,2
2919,0,2
2171,0,2
2601,0,2
1961,0,1
1976,0,1
2981,0,2
4050,0,4
2582,0,2
1217,0,1
590,0,0
3551,0,3
1398,0,1
1487,0,1
2113,0,2
3662,0,3
3794,0,3
4062,0,4
781,0,0
1147,0,1
3214,0,3
1862,0,1
770,0,0
1322,0,1
1694,0,1
1126,0,1
4074,0,4
3135,0,3
3189,0,3
3167,0,3
3926,0,3
2993,0,2
1040,0,1
1521,0,1
1085,0,1
3968,0,3
1110,0,1
825,0,0
3763,0,3
3527,0,3
513,0,0
3251,0,3
1995,0,1
1351,0,1
1589,0,1
3786,0,3
4317,0,7
2571,0,2
3014,0,3
2765,0,2
648,0,0
3703,0,3
2630,0,2
621,0,0
2196,0,2
3158,0,3
1384,0,1
2629,0,2
3825,0,3
890,0,0
3012,0,3
1199,0,1
2803,0,2
640,0,0
183,0,0
4090,0,4
2063,0,2
985,0,0
2399,0,2
3285,0,3
936,0,0
3575,0,3
365,0,0
3155,0,3
3742,0,3
1177,0,1
87,0,0
733,0,0
3777,0,3
444,0,0
908,0,0
4165,0,5
3436,0,3
1547,0,1
256,0,0
2529,0,2
4132,0,5
2226,0,2
3030,0,3
2955,0,2
691,0,0
1159,0,1
3010,0,3
172,0,0
460,0,0
2741,0,2
254,0,0
1319,0,1
3270,0,3
218,0,0
831,0,0
249,0,0
2815,0,2
3565,0,3
3835,0,3
2149,0,2
4187,0,5
1930,0,1
2569,0,2
2495,0,2
145,0,0
3744,0,3
3113,0,3
3878,0,3
288,0,0
2413,0,2
2159,0,2
1334,0,1
832,0,0
3163,0,3
1857,0,1
1277,0,1
3231,0,3
1286,0,1
1501,0,1
1195,0,1
1305,0,1
2309,0,2
2122,0,2
684,0,0
817,1,0
3549,0,3
512,0,0
2970,0,2
1952,0,1
562,0,0
58,0,0
2931,0,2
3073,0,3
2949,0,2
2245,0,2
405,0,0
1654,0,1
531,0,0
3368,0,3
2710,0,2
2450,0,2
2908,0,2
1193,0,1
3718,0,3
993,0,0
2505,0,2
4263,0,6
2731,0,2
3212,0,3
37,0,0
2920,0,2
1790,0,1
2513,0,2
410,0,0
1400,0,1
3100,0,3
1513,0,1
1255,0,1
461,0,0
1076,0,1
1010,0,1
1135,0,1
2248,0,2
2650,0,2
711,0,0
1868,0,1
1788,0,1
3106,0,3
3687,0,3
66,0,0
3963,0,3
1106,0,1
3834,0,3
1345,0,1
1921,0,1
3383,0,3
3038,0,3
3086,0,3
1555,0,1
3300,0,3
1596,0,1
1806,0,1
2160,0,2
1688,0,1
1030,0,1
2876,0,2
3215,0,3
1489,0,1
641,0,0
3036,0,3
1494,0,1
2887,0,2
2623,0,2
750,0,0
1670,0,1
3239,0,3
2669,0,2
196,0,0
3910,0,3
3773,0,3
2975,0,2
4391,0,7
4012,0,4
3517,0,3
2966,0,2
823,0,0
2604,0,2
2841,0,2
4341,0,7
2698,0,2
224,0,0
4309,0,7
2988,0,2
693,0,0
2787,0,2
2948,0,2
310,0,0
3218,0,3
2816,0,2
492,0,0
1011,0,1
2625,0,2
4076,0,4
4217,0,6
4166,0,5
176,0,0
2300,0,2
3712,0,3
1994,0,1
2528,0,2
3771,0,3
1567,0,1
1641,0,1
2350,0,2
2374,0,2
344,0,0
1956,0,1
2207,0,2
2922,0,2
437,0,0
2424,0,2
1520,0,1
2261,0,2
1004,0,1
2208,0,2
1881,0,1
2676,0,2
3793,0,3
2205,0,2
1718,0,1
1685,0,1
3401,0,3
124,0,0
1184,0,1
2237,0,2
3299,0,3
1611,0,1
2598,0,2
2468,0,2
1861,0,1
4381,0,7
3103,0,3
4079,0,4
2605,0,2
1948,0,1
3967,0,3
2478,0,2
2814,0,2
1805,0,1
948,0,0
1824,0,1
3173,0,3
356,0,0
150,0,0
2708,0,2
994,0,0
4343,0,7
2893,0,2
1213,0,1
1504,0,1
1960,0,1
1599,0,1
618,0,0
4087,0,4
1997,0,1
1937,0,1
1493,0,1
2200,0,2
1649,0,1
3328,0,3
3498,0,3
3975,0,3
2402,0,2
3697,0,3
2116,0,2
127,0,0
2456,0,2
4311,0,7
3522,0,3
2628,0,2
3961,0,3
351,0,0
478,0,0
834,0,0
1353,0,1
1253,0,1
811,0,0
3344,0,3
324,0,0
1407,0,1
207,0,0
3497,0,3
2053,0,2
518,0,0
2938,0,2
3222,0,3
3570,0,3
3117,0,3
2057,0,2
1970,0,1
715,0,0
3559,0,3
4301,0,7
2971,0,2
114,0,0
363,0,0
3111,0,3
3639,0,3
900,0,0
594,0,0
1281,0,1
2151,0,2
3208,0,3
465,0,0
3055,0,3
239,0,0
662,0,0
2486,0,2
2353,0,2
3386,0,3
3468,0,3
3257,0,3
3115,0,3
2227,0,2
3332,0,3
1559,0,1
434,0,0
991,0,0
558,0,0
1954,0,1
1558,0,1
2167,0,2
400,0,0
2680,0,2
2934,0,2
3680,0,3
2380,0,2
41,0,0
1827,0,1
3843,0,3
2145,0,2
1145,0,1
3594,0,3
2706,0,2
3587,0,3
2443,0,2
568,0,0
1727,0,1
1529,0,1
2541,0,2
506,0,0
1176,0,1
306,0,0
481,0,0
2006,0,2
754,0,0
3885,0,3
1229,0,1
2634,0,2
3872,0,3
3801,0,3
3518,0,3
3250,0,3
1363,0,1
3597,0,3
2965,0,2
663,0,0
884,0,0
1382,0,1
2732,0,2
3405,0,3
2268,0,2
3428,0,3
1093,0,1
2950,0,2
3338,0,3
3151,0,3
3826,0,3
2805,0,2
3685,0,3
2534,0,2
631,0,0
61,0,0
106,0,0
559,0,0
782,0,0
161,0,0
2704,0,2
2558,0,2
4230,0,6
2305,0,2
1817,0,1
1568,0,1
1003,0,1
2746,0,2
3808,0,3
3555,0,3
146,0,0
3472,0,3
4085,0,4
547,0,0
2833,0,2
418,0,0
411,0,0
2112,0,2
3661,0,3
3261,0,3
3202,0,3
885,0,0
2713,0,2
760,0,0
3325,0,3
38,0,0
3848,0,3
3724,0,3
1070,0,1
1791,0,1
624,0,0
4283,0,6
2173,0,2
3114,0,3
708,0,0
1297,0,1
3870,0,3
2795,0,2
855,0,0
1848,0,1
3326,0,3
3197,0,3
4232,0,6
699,0,0
3234,0,3
2058,0,2
1062,0,1
917,0,0
3042,0,3
153,0,0
944,0,0
2441,0,2
2020,0,2
2838,0,2
1402,0,1
3532,0,3
3666,0,3
2688,0,2
1316,0,1
2516,0,2
3635,0,3
3329,0,3
3482,0,3
1307,0,1
1331,0,1
2015,0,2
2996,0,2
1461,0,1
4304,0,7
3514,0,3
1914,0,1
1412,0,1
2753,0,2
2215,0,2
3379,0,3
2930,0,2
440,0,0
3104,0,3
651,0,0
4162,0,5
2412,0,2
3711,0,3
2082,0,2
3867,0,3
4117,0,5
3400,0,3
3898,0,3
2164,0,2
2519,0,2
845,0,0
98,0,0
5,0,0
1753,0,1
1317,0,1
378,0,0
2236,0,2
13,0,0
3543,0,3
3422,0,3
3873,0,3
1984,0,1
67,0,0
2754,0,2
4184,0,5
3487,0,3
4141,0,5
2339,0,2
3281,0,3
2837,0,2
2098,0,2
870,0,0
159,0,0
3737,0,3
1360,0,1
4285,0,6
367,0,0
2967,0,2
1552,0,1
2417,0,2
1448,0,1
3790,0,3
2611,0,2
2389,0,2
1372,0,1
1978,0,1
118,0,0
3995,0,3
1715,0,1
1053,0,1
3275,0,3
3402,0,3
1719,0,1
3966,0,3
3046,0,3
2315,0,2
4180,0,5
1666,0,1
297,0,0
3112,0,3
2423,0,2
3846,0,3
483,0,0
4270,0,6
1672,0,1
4088,0,4
1225,0,1
3074,0,3
3985,0,3
392,0,0
1904,0,1
463,0,0
3439,0,3
1463,0,1
1525,0,1
1172,0,1
318,0,0
1413,0,1
1083,0,1
1703,0,1
2924,0,2
3695,0,3
836,0,0
1651,0,1
1100,0,1
3918,0,3
1830,0,1
4340,0,7
1442,0,1
2729,0,2
510,0,0
2296,0,2
2055,0,2
4134,0,5
72,0,0
1107,0,1
2723,0,2
2525,0,2
3480,0,3
4186,0,5
1699,0,1
4045,0,4
1056,0,1
871,0,0
2181,0,2
3928,0,3
181,0,0
2062,0,2
3463,0,3
1891,0,1
2144,0,2
3728,0,3
514,0,0
814,0,0
1701,0,1
3378,0,3
1879,0,1
1524,0,1
243,0,0
389,0,0
3102,0,3
4198,0,5
901,0,0
3654,0,3
567,0,0
4036,0,4
1298,0,1
151,0,0
3845,0,3
3608,0,3
2755,0,2
4226,0,6
707,0,0
2143,0,2
1864,0,1
3740,0,3
2517,0,2
1913,0,1
1464,0,1
1928,0,1
2718,0,2
853,0,0
2476,0,2
34,0,0
3787,0,3
656,0,0
1534,0,1
756,0,0
1621,0,1
3584,0,3
3706,0,3
597,0,0
3916,0,3
4028,0,4
128,0,0
317,0,0
2354,0,2
1683,0,1
487,0,0
4210,0,6
1681,0,1
2568,0,2
1866,0,1
2819,0,2
3423,0,3
308,0,0
7,0,0
1313,0,1
221,0,0
2052,0,2
3312,0,3
4113,0,5
211,0,0
608,0,0
1958,0,1
319,0,0
2692,0,2
3387,0,3
3444,0,3
1455,0,1
304,0,0
1625,0,1
2168,0,2
1542,0,1
1088,0,1
1049,0,1
1064,0,1
1118,0,1
3788,0,3
1209,0,1
476,0,0
1148,0,1
1867,0,1
1288,0,1
265,0,0
997,0,0
4228,0,6
22,0,0
2451,0,2
2409,0,2
1833,0,1
2279,0,2
2229,0,2
165,0,0
3381,0,3
341,0,0
1484,0,1
2655,0,2
2070,0,2
2371,0,2
1655,0,1
2061,0,2
3,0,0
54,0,0
2619,0,2
696,0,0
2640,0,2
1998,0,1
1803,0,1
3082,0,3
2219,0,2
164,0,0
2705,0,2
4209,0,6
2331,0,2
3725,0,3
4196,0,5
1912,0,1
2918,0,2
1886,0,1
952,0,0
1720,0,1
2835,0,2
805,0,0
810,0,0
3538,0,3
1272,0,1
2250,0,2
2839,0,2
3544,0,3
1130,0,1
499,0,0
1180,0,1
4197,0,5
3354,0,3
3671,0,3
1245,0,1
1593,0,1
915,0,0
2796,0,2
1369,0,1
1819,0,1
65,0,0
1612,0,1
1661,0,1
2661,0,2
2902,0,2
2535,0,2
3638,0,3
489,0,0
953,0,0
126,0,0
3470,0,3
905,0,0
2749,0,2
1095,0,1
689,0,0
1115,0,1
3804,0,3
4139,0,5
2011,0,2
316,0,0
3433,0,3
3006,0,3
289,0,0
1175,0,1
4066,0,4
548,0,0
2099,0,2
3722,0,3
1425,0,1
785,0,0
2853,0,2
2324,0,2
2596,0,2
610,0,0
4128,0,5
1624,0,1
2133,0,2
535,0,0
3265,0,3
4182,0,5
4178,0,5
3152,0,3
3190,0,3
2415,0,2
3813,0,3
1456,0,1
3643,0,3
3491,0,3
3307,0,3
3642,0,3
85,0,0
255,0,0
4229,0,6
2813,0,2
1795,0,1
1380,0,1
599,0,0
1385,0,1
490,0,0
1157,0,1
2327,0,2
846,0,0
50,0,0
1892,0,1
2280,0,2
3249,0,3
1899,0,1
515,0,0
360,0,0
4047,0,4
759,0,0
3124,0,3
2302,0,2
3980,0,3
3656,0,3
537,0,0
3883,0,3
4002,0,4
1725,0,1
3000,0,3
682,0,0
1158,0,1
1768,0,1
2436,1,2
2035,0,2
1194,0,1
2608,0,2
1478,0,1
2579,0,2
2502,0,2
1264,0,1
1595,0,1
2202,0,2
4315,0,7
1523,0,1
4241,0,6
833,0,0
3994,0,3
2094,0,2
3923,0,3
2648,0,2
866,0,0
1739,0,1
1712,0,1
1332,0,1
4046,0,4
230,1,0
3264,0,3
2745,0,2
1557,0,1
3623,0,3
3800,0,3
187,0,0
1098,0,1
3573,0,3
1986,0,1
335,0,0
1202,0,1
2546,0,2
1127,0,1
2386,0,2
3655,0,3
3585,0,3
2940,0,2
376,0,0
637,0,0
4006,0,4
401,0,0
2900,0,2
2292,0,2
1602,0,1
2273,0,2
2762,0,2
4363,0,7
578,0,0
532,0,0
3629,0,3
238,0,0
3830,0,3
3072,0,3
3674,0,3
1981,0,1
1932,0,1
3343,0,3
3465,0,3
2986,0,2
1355,0,1
2438,0,2
2012,0,2
280,0,0
91,0,0
4318,0,7
448,0,0
4257,0,6
1911,0,1
2799,0,2
338,0,0
2522,0,2
3157,0,3
1323,0,1
549,0,0
3434,0,3
3430,0,3
4220,0,6
1959,0,1
4307,0,7
4306,0,7
1813,0,1
2282,0,2
3556,0,3
415,0,0
352,0,0
3272,0,3
1758,0,1
2093,0,2
3945,0,3
2684,0,2
3783,0,3
3860,0,3
4384,0,7
4293,0,6
3858,0,3
1469,0,1
3083,0,3
1530,0,1
4294,0,6
1169,0,1
1454,0,1
4004,0,4
4258,0,6
2313,0,2
3888,0,3
2298,0,2
1526,0,1
1690,0,1
1284,0,1
3047,0,3
2299,0,2
2023,0,2
1754,0,1
3874,0,3
2162,0,2
2613,0,2
3131,0,3
1544,0,1
262,0,0
3644,0,3
2600,0,2
1097,0,1
2854,0,2
1042,0,1
2778,0,2
4068,0,4
2545,0,2
2857,0,2
1373,0,1
2836,0,2
3134,0,3
3133,0,3
3972,0,3
3815,0,3
745,0,0
1437,0,1
956,0,0
822,0,0
700,0,0
649,0,0
3007,0,3
2932,0,2
4346,0,7
109,0,0
3294,0,3
1594,0,1
3441,0,3
1839,0,1
527,0,0
2493,0,2
1143,0,1
2297,0,2
2385,0,2
3752,0,3
4043,0,4
115,0,0
1511,0,1
1364,0,1
2284,0,2
1221,0,1
3531,0,3
3451,0,3
4393,0,7
4171,0,5
3765,0,3
4093,0,4
2475,0,2
1492,0,1
269,0,0
1132,0,1
381,0,0
2187,0,2
642,0,0
3304,0,3
1837,0,1
404,0,0
4114,0,5
654,0,0
3132,0,3
4084,0,4
1767,0,1
4150,0,5
1390,0,1
281,0,0
1901,0,1
2635,0,2
1458,0,1
1807,0,1
2256,0,2
4075,0,4
271,0,0
1733,0,1
4364,0,7
2768,0,2
2286,0,2
3948,0,3
3130,0,3
2898,0,2
4222,0,6
1865,0,1
1394,0,1
4058,0,4
895,0,0
21,0,0
4248,0,6
2906,0,2
2577,1,2
3278,0,3
1475,0,1
3252,0,3
3321,0,3
1743,0,1
2,0,0
1021,0,1
2526,0,2
3749,0,3
24,0,0
3938,0,3
4224,0,6
313,0,0
3070,0,3
927,0,0
2395,0,2
2886,0,2
4032,0,4
1907,0,1
1214,0,1
1114,0,1
2999,0,2
1507,0,1
4013,0,4
4271,0,6
3503,0,3
3372,0,3
1553,0,1
2703,0,2
2717,0,2
2851,0,2
2366,0,2
764,0,0
462,0,0
4344,0,7
3288,0,3
2743,0,2
1024,0,1
3161,0,3
2009,0,2
110,0,0
4339,0,7
2574,0,2
3823,0,3
4189,0,5
1496,0,1
307,0,0
1697,0,1
3068,0,3
2727,0,2
3058,0,3
4039,0,4
3869,0,3
676,0,0
1778,0,1
3406,0,3
753,0,0
3609,0,3
2702,0,2
116,0,0
653,0,0
2880,0,2
2573,0,2
1086,0,1
348,0,0
3705,0,3
3526,0,3
2072,0,2
4054,0,4
1347,0,1
1483,0,1
829,0,0
926,0,0
137,0,0
329,0,0
2830,0,2
3194,0,3
2633,0,2
283,0,0
2221,0,2
2356,0,2
1321,0,1
331,0,0
3461,0,3
1055,0,1
4203,0,6
3034,0,3
3524,0,3
1738,0,1
2135,0,2
2566,0,2
722,0,0
4112,0,5
3641,0,3
9,0,0
2542,0,2
1729,0,1
3593,0,3
2161,0,2
140,0,0
1043,0,1
2307,0,2
2304,0,2
3119,0,3
3056,0,3
712,0,0
80,0,0
1735,0,1
1242,0,1
73,0,0
215,0,0
403,0,0
1161,0,1
3453,0,3
1259,0,1
1063,0,1
1586,0,1
2550,0,2
298,0,0
1945,0,1
3912,0,3
2264,0,2
322,0,0
3116,0,3
2473,0,2
1365,0,1
3306,0,3
1101,0,1
706,0,0
981,0,0
3447,0,3
3282,0,3
3792,0,3
1607,0,1
2367,0,2
1243,0,1
4225,0,6
2026,0,2
3880,0,3
840,0,0
3314,0,3
1935,0,1
2289,0,2
413,0,0
3364,0,3
4289,0,6
569,0,0
192,0,0
4239,0,6
503,0,0
2152,0,2
3766,0,3
735,0,0
2875,0,2
2739,0,2
201,0,0
2043,0,2
2595,0,2
4288,0,6
3621,0,3
357,0,0
1495,0,1
2865,0,2
1112,0,1
639,0,0
2730,0,2
142,0,0
193,0,0
3043,0,3
1270,0,1
791,0,0
107,0,0
212,0,0
4276,0,6
3760,0,3
3365,0,3
1710,0,1
1479,0,1
2921,0,2
1044,0,1
2846,0,2
3186,0,3
680,0,0
3182,0,3
3445,0,3
2850,0,2
2274,0,2
1700,0,1
3247,0,3
1072,0,1
1357,1,1
4000,0,4
40,0,0
1290,0,1
43,0,0
3839,0,3
12,1,0
4172,0,5
3558,0,3
1037,0,1
3455,0,3
1342,0,1
1237,0,1
3408,0,3
1294,0,1
685,0,0
3862,0,3
3733,0,3
4275,0,6
4096,0,4
996,0,0
3750,0,3
104,0,0
2430,0,2
4292,0,6
3449,0,3
3459,0,3
484,0,0
4005,0,4
2433,0,2
2217,0,2
1141,0,1
3235,0,3
175,0,0
4156,0,5
904,0,0
2119,0,2
3702,0,3
1197,0,1
3901,0,3
1131,0,1
3720,0,3
1387,0,1
1785,0,1
3195,0,3
3952,0,3
2408,0,2
1752,0,1
2964,0,2
2855,0,2
105,0,0
141,0,0
3951,0,3
1361,0,1
807,0,0
3244,0,3
1903,0,1
775,0,0
1841,0,1
407,0,0
2218,0,2
4235,0,6
3410,0,3
2668,0,2
3707,0,3
4202,0,6
1149,0,1
1615,0,1
3228,0,3
1578,0,1
382,0,0
1944,0,1
2654,0,2
910,0,0
354,0,0
554,0,0
916,0,0
3879,0,3
1906,0,1
1058,0,1
2941,0,2
3424,0,3
3273,0,3
3932,0,3
3896,0,3
2212,0,2
3850,0,3
4116,0,5
4082,0,4
2715,0,2
3854,0,3
2849,0,2
1971,0,1
3973,0,3
219,0,0
2323,0,2
26,0,0
2737,0,2
960,0,0
3339,0,3
2393,0,2
1936,0,1
806,0,0
1027,0,1
3684,0,3
2817,0,2
2471,0,2
3342,0,3
2944,0,2
2293,0,2
4200,0,6
4236,0,6
1760,0,1
2153,0,2
796,0,0
4160,0,5
3909,0,3
4106,0,5
856,0,0
3903,0,3
1071,0,1
3013,0,3
2585,0,2
44,0,0
49,0,0
275,0,0
4138,0,5
2016,0,2
3462,0,3
4153,0,5
566,0,0
864,0,0
2056,0,2
2559,0,2
2407,0,2
186,0,0
3651,0,3
4331,0,7
3125,0,3
1870,0,1
4303,0,7
1751,0,1
987,0,0
3610,0,3
349,0,0
4017,0,4
2271,0,2
3566,0,3
3398,0,3
3710,0,3
1630,0,1
497,0,0
1246,0,1
479,1,0
2612,0,2
580,0,0
2711,0,2
3391,0,3
4320,0,7
3692,0,3
377,0,0
561,1,0
1446,0,1
4380,0,7
375,0,0
713,0,0
2316,0,2
3207,0,3
1691,0,1
3554,0,3
2775,0,2
598,0,0
2439,0,2
2794,0,2
56,0,0
2777,0,2
3237,0,3
3797,0,3
4213,0,6
3649,0,3
482,0,0
3802,0,3
2042,0,2
3614,0,3
285,0,0
69,0,0
3719,0,3
3138,0,3
3263,0,3
4298,0,6
643,0,0
3818,0,3
3394,0,3
2085,0,2
1312,0,1
1267,0,1
2204,0,2
2864,0,2
2792,0,2
1007,0,1
4345,0,7
2531,0,2
3456,0,3
4151,0,5
1314,0,1
1614,0,1
2064,0,2
237,0,0
2689,0,2
1200,0,1
251,0,0
17,0,0
2411,0,2
3147,0,3
1749,0,1
3220,0,3
2667,0,2
1835,0,1
3679,0,3
1946,0,1
650,0,0
2575,0,2
4147,0,5
3260,0,3
3871,0,3
671,0,0
3625,0,3
718,0,0
2397,0,2
1532,0,1
1784,0,1
284,0,0
2576,0,2
3216,0,3
3754,0,3
2073,0,2
2314,0,2
1774,0,1
1566,0,1
190,0,0
2074,0,2
1979,0,1
1695,0,1
630,0,0
2508,0,2
886,0,0
3502,0,3
742,0,0
3917,0,3
4206,0,6
326,0,0
4103,0,5
4245,0,6
1155,0,1
816,0,0
786,0,0
4348,0,7
1797,0,1
2288,0,2
3650,0,3
881,0,0
3460,0,3
2873,0,2
228,0,0
4208,0,6
2862,0,2
3681,0,3
4144,0,5
4350,0,7
3377,0,3
2360,0,2
2123,0,2
971,0,0
10,0,0
156,0,0
1343,0,1
119,0,0
2146,0,2
1168,0,1
457,0,0
3029,0,3
3009,0,3
35,0,0
3390,0,3
2322,0,2
2870,0,2
2283,0,2
2672,0,2
1773,0,1
388,0,0
3714,0,3
2199,0,2
2675,0,2
4051,0,4
4008,0,4
1339,0,1
1216,0,1
2998,0,2
2075,0,2
509,0,0
1531,0,1
945,0,0
2295,0,2
231,0,0
3374,0,3
4163,0,5
1631,0,1
977,0,0
1248,0,1
1987,0,1
2364,0,2
2154,0,2
3920,0,3
4244,0,6
1252,0,1
1283,0,1
752,0,0
334,0,0
3277,0,3
3613,0,3
4118,0,5
1328,0,1
4063,0,4
938,0,0
1435,0,1
454,0,0
3471,0,3
1772,0,1
1500,0,1
1613,0,1
1181,0,1
3479,0,3
3025,0,3
2861,0,2
2018,0,2
1368,0,1
2884,0,2
3144,0,3
1111,0,1
3761,0,3
4115,0,5
3914,0,3
3836,0,3
1775,0,1
3296,0,3
1579,0,1
1271,0,1
1080,0,1
1465,0,1
1550,0,1
784,0,0
1291,0,1
3851,0,3
1860,0,1
3769,0,3
31,0,0
779,0,0
2480,0,2
2977,0,2
3420,0,3
3045,0,3
1416,0,1
195,0,0
2686,0,2
386,0,0
3323,0,3
2883,0,2
3172,0,3
585,0,0
130,0,0
135,0,0
240,0,0
3169,0,3
3618,0,3
3820,0,3
3829,0,3
3962,0,3
4242,0,6
1415,0,1
2039,0,2
1761,0,1
63,0,0
1162,0,1
33,0,0
3258,0,3
4030,0,4
2429,0,2
428,0,0
3805,0,3
1047,0,1
1560,0,1
3080,0,3
1089,0,1
179,0,0
2482,0,2
4059,0,4
2820,0,2
1296,0,1
1113,0,1
222,0,0
1804,0,1
1846,0,1
3987,0,3
4308,0,7
2361,0,2
3360,0,3
2017,0,2
3827,0,3
1657,0,1
2464,0,2
1233,0,1
1632,0,1
4221,1,6
416,0,0
1033,0,1
1432,0,1
949,0,0
3254,0,3
1192,0,1
4038,0,4
801,0,0
1084,0,1
3838,0,3
1462,0,1
4149,0,5
4378,0,7
412,0,0
2382,0,2
3837,0,3
4360,0,7
2903,0,2
2141,0,2
2551,0,2
1411,0,1
1399,0,1
2086,0,2
2782,0,2
555,0,0
1151,0,1
2521,0,2
4325,0,7
3811,0,3
3337,0,3
1792,0,1
4359,0,7
1306,0,1
848,0,0
743,0,0
3095,0,3
1032,0,1
556,0,0
2377,0,2
2685,0,2
4252,0,6
2917,0,2
131,0,0
1722,0,1
4351,0,7
3346,0,3
2656,0,2
857,0,0
2512,0,2
1777,0,1
1144,0,1
980,0,0
4078,0,4
2027,0,2
4,0,0
2714,0,2
3204,0,3
1591,0,1
672,0,0
1664,0,1
226,0,0
2426,0,2
1548,0,1
3943,0,3
1356,0,1
144,0,0
1300,0,1
777,0,0
2747,0,2
4022,0,4
2989,0,2
4277,0,6
3748,0,3
2254,0,2
2448,0,2
3464,0,3
4295,0,6
3900,0,3
1215,0,1
3298,0,3
3334,0,3
1634,0,1
3969,0,3
954,0,0
2804,0,2
889,0,0
2240,0,2
874,0,0
3882,0,3
4056,0,4
1375,0,1
4007,0,4
2391,0,2
3857,0,3
1920,0,1
1239,0,1
81,0,0
466,0,0
3736,0,3
2303,0,2
3541,0,3
3011,0,3
534,0,0
2140,0,2
4254,0,6
1815,0,1
1731,0,1
899,0,0
1061,0,1
4122,0,5
3159,0,3
4192,0,5
894,0,0
600,0,0
1474,0,1
1951,0,1
340,0,0
3539,0,3
4014,0,4
2896,0,2
3090,0,3
1310,0,1
3206,0,3
3560,0,3
501,0,0
1782,0,1
1041,0,1
2602,0,2
826,0,0
3363,0,3
3892,0,3
1211,0,1
4027,0,4
969,0,0
2826,0,2
4240,0,6
2037,0,2
3170,0,3
1643,0,1
3486,0,3
3229,0,3
821,0,0
200,0,0
661,0,0
1482,0,1
1934,0,1
2394,0,2
3303,0,3
89,0,0
3121,0,3
3546,0,3
3200,0,3
1537,0,1
4267,0,6
3738,0,3
432,0,0
2626,0,2
4044,0,4
3605,0,3
3634,0,3
3023,0,3
1884,0,1
154,0,0
2223,0,2
1273,0,1
3096,0,3
1182,0,1
1424,0,1
4274,0,6
553,0,0
505,0,0
1741,0,1
3709,0,3
1439,0,1
3044,0,3
2614,0,2
2390,0,2
4335,0,7
4336,0,7
3185,0,3
584,0,0
4193,0,5
1764,0,1
2677,0,2
2479,0,2
2666,0,2
3301,0,3
390,0,0
883,0,0
1025,0,1
45,0,0
4136,0,5
2825,0,2
964,0,0
1572,0,1
2259,0,2
1020,0,1
2440,0,2
214,0,0
1590,0,1
2694,0,2
1656,0,1
246,0,0
4342,0,7
582,0,0
189,0,0
747,0,0
2798,0,2
1104,0,1
1950,0,1
550,0,0
3052,0,3
3809,0,3
235,0,0
332,0,0
852,0,0
3547,0,3
3942,0,3
2641,0,2
2024,0,2
970,0,0
1376,0,1
3933,0,3
4155,0,5
4169,0,5
924,0,0
1897,0,1
1825,0,1
152,0,0
4158,0,5
1973,0,1
1972,0,1
666,0,0
3442,0,3
2197,0,2
3924,0,3
2709,0,2
1689,0,1
669,0,0
3150,0,3
4174,0,5
2134,0,2
2238,0,2
3877,0,3
1734,0,1
2700,0,2
273,0,0
