"export-plots data (NetLogo 5.2.1)"
"Modelo.nlogo"
"05/11/2017 11:41:57:826 -0500"

"MODEL SETTINGS"
"numbertest","probabilityincrease1","numbergroupsuniversity1","universities","probabilityincrease2","probabilityincrease3","numbergroupsuniversity2","numbergroupsuniversity3","initial-probability-agents","numbergroupsuniversity4","numbergroupsuniversity5","numbergroupsuniversity6","probabilityincrease4","probabilityincrease5","probabilityincrease6","numbergroupsuniversity7","numbergroupsuniversity8","probabilityincrease7","probabilityincrease8","max-xcor-grid","max-ycor-grid"
"""test17""","0.001","1000","8","1.0E-4","1.0E-5","1000","1000","1.0E-4","1000","100","100","0","0.001","0","100","100","0","0","100","100"

"""pubUniversity1"""
"x min","x max","y min","y max","autoplot?","current pen","legend open?","number of pens"
"0","290","0","254000","true","""default""","false","1"

"pen name","pen down?","mode","interval","color","x"
"""default""","true","0","1","0","251"

"""default"""
"x","y","color","pen down?"
"0","0","0","true"
"1","0","0","true"
"2","0","0","true"
"3","0","0","true"
"4","0","0","true"
"5","0","0","true"
"6","0","0","true"
"7","0","0","true"
"8","0","0","true"
"9","1","0","true"
"10","4","0","true"
"11","15","0","true"
"12","37","0","true"
"13","124","0","true"
"14","276","0","true"
"15","758","0","true"
"16","1723","0","true"
"17","2723","0","true"
"18","3723","0","true"
"19","4723","0","true"
"20","5723","0","true"
"21","6723","0","true"
"22","7723","0","true"
"23","8723","0","true"
"24","9723","0","true"
"25","10723","0","true"
"26","11723","0","true"
"27","12723","0","true"
"28","13723","0","true"
"29","14723","0","true"
"30","15723","0","true"
"31","16723","0","true"
"32","17723","0","true"
"33","18723","0","true"
"34","19723","0","true"
"35","20723","0","true"
"36","21723","0","true"
"37","22723","0","true"
"38","23723","0","true"
"39","24723","0","true"
"40","25723","0","true"
"41","26723","0","true"
"42","27723","0","true"
"43","28723","0","true"
"44","29723","0","true"
"45","30723","0","true"
"46","31723","0","true"
"47","32723","0","true"
"48","33723","0","true"
"49","34723","0","true"
"50","35723","0","true"
"51","36723","0","true"
"52","37723","0","true"
"53","38723","0","true"
"54","39723","0","true"
"55","40723","0","true"
"56","41723","0","true"
"57","42723","0","true"
"58","43723","0","true"
"59","44723","0","true"
"60","45723","0","true"
"61","46723","0","true"
"62","47723","0","true"
"63","48723","0","true"
"64","49723","0","true"
"65","50723","0","true"
"66","51723","0","true"
"67","52723","0","true"
"68","53723","0","true"
"69","54723","0","true"
"70","55723","0","true"
"71","56723","0","true"
"72","57723","0","true"
"73","58723","0","true"
"74","59723","0","true"
"75","60723","0","true"
"76","61723","0","true"
"77","62723","0","true"
"78","63723","0","true"
"79","64723","0","true"
"80","65723","0","true"
"81","66723","0","true"
"82","67723","0","true"
"83","68723","0","true"
"84","69723","0","true"
"85","70723","0","true"
"86","71723","0","true"
"87","72723","0","true"
"88","73723","0","true"
"89","74723","0","true"
"90","75723","0","true"
"91","76723","0","true"
"92","77723","0","true"
"93","78723","0","true"
"94","79723","0","true"
"95","80723","0","true"
"96","81723","0","true"
"97","82723","0","true"
"98","83723","0","true"
"99","84723","0","true"
"100","85723","0","true"
"101","86723","0","true"
"102","87723","0","true"
"103","88723","0","true"
"104","89723","0","true"
"105","90723","0","true"
"106","91723","0","true"
"107","92723","0","true"
"108","93723","0","true"
"109","94723","0","true"
"110","95723","0","true"
"111","96723","0","true"
"112","97723","0","true"
"113","98723","0","true"
"114","99723","0","true"
"115","100723","0","true"
"116","101723","0","true"
"117","102723","0","true"
"118","103723","0","true"
"119","104723","0","true"
"120","105723","0","true"
"121","106723","0","true"
"122","107723","0","true"
"123","108723","0","true"
"124","109723","0","true"
"125","110723","0","true"
"126","111723","0","true"
"127","112723","0","true"
"128","113723","0","true"
"129","114723","0","true"
"130","115723","0","true"
"131","116723","0","true"
"132","117723","0","true"
"133","118723","0","true"
"134","119723","0","true"
"135","120723","0","true"
"136","121723","0","true"
"137","122723","0","true"
"138","123723","0","true"
"139","124723","0","true"
"140","125723","0","true"
"141","126723","0","true"
"142","127723","0","true"
"143","128723","0","true"
"144","129723","0","true"
"145","130723","0","true"
"146","131723","0","true"
"147","132723","0","true"
"148","133723","0","true"
"149","134723","0","true"
"150","135723","0","true"
"151","136723","0","true"
"152","137723","0","true"
"153","138723","0","true"
"154","139723","0","true"
"155","140723","0","true"
"156","141723","0","true"
"157","142723","0","true"
"158","143723","0","true"
"159","144723","0","true"
"160","145723","0","true"
"161","146723","0","true"
"162","147723","0","true"
"163","148723","0","true"
"164","149723","0","true"
"165","150723","0","true"
"166","151723","0","true"
"167","152723","0","true"
"168","153723","0","true"
"169","154723","0","true"
"170","155723","0","true"
"171","156723","0","true"
"172","157723","0","true"
"173","158723","0","true"
"174","159723","0","true"
"175","160723","0","true"
"176","161723","0","true"
"177","162723","0","true"
"178","163723","0","true"
"179","164723","0","true"
"180","165723","0","true"
"181","166723","0","true"
"182","167723","0","true"
"183","168723","0","true"
"184","169723","0","true"
"185","170723","0","true"
"186","171723","0","true"
"187","172723","0","true"
"188","173723","0","true"
"189","174723","0","true"
"190","175723","0","true"
"191","176723","0","true"
"192","177723","0","true"
"193","178723","0","true"
"194","179723","0","true"
"195","180723","0","true"
"196","181723","0","true"
"197","182723","0","true"
"198","183723","0","true"
"199","184723","0","true"
"200","185723","0","true"
"201","186723","0","true"
"202","187723","0","true"
"203","188723","0","true"
"204","189723","0","true"
"205","190723","0","true"
"206","191723","0","true"
"207","192723","0","true"
"208","193723","0","true"
"209","194723","0","true"
"210","195723","0","true"
"211","196723","0","true"
"212","197723","0","true"
"213","198723","0","true"
"214","199723","0","true"
"215","200723","0","true"
"216","201723","0","true"
"217","202723","0","true"
"218","203723","0","true"
"219","204723","0","true"
"220","205723","0","true"
"221","206723","0","true"
"222","207723","0","true"
"223","208723","0","true"
"224","209723","0","true"
"225","210723","0","true"
"226","211723","0","true"
"227","212723","0","true"
"228","213723","0","true"
"229","214723","0","true"
"230","215723","0","true"
"231","216723","0","true"
"232","217723","0","true"
"233","218723","0","true"
"234","219723","0","true"
"235","220723","0","true"
"236","221723","0","true"
"237","222723","0","true"
"238","223723","0","true"
"239","224723","0","true"
"240","225723","0","true"
"241","226723","0","true"
"242","227723","0","true"
"243","228723","0","true"
"244","229723","0","true"
"245","230723","0","true"
"246","231723","0","true"
"247","232723","0","true"
"248","233723","0","true"
"249","234723","0","true"
"250","235723","0","true"
"251","236723","0","true"

"""pubUniversity2"""
"x min","x max","y min","y max","autoplot?","current pen","legend open?","number of pens"
"0","290","0","186000","true","""default""","false","1"

"pen name","pen down?","mode","interval","color","x"
"""default""","true","0","1","0","251"

"""default"""
"x","y","color","pen down?"
"0","0","0","true"
"1","0","0","true"
"2","0","0","true"
"3","0","0","true"
"4","0","0","true"
"5","1","0","true"
"6","1","0","true"
"7","2","0","true"
"8","2","0","true"
"9","2","0","true"
"10","4","0","true"
"11","4","0","true"
"12","5","0","true"
"13","7","0","true"
"14","8","0","true"
"15","10","0","true"
"16","11","0","true"
"17","13","0","true"
"18","14","0","true"
"19","14","0","true"
"20","17","0","true"
"21","17","0","true"
"22","19","0","true"
"23","21","0","true"
"24","25","0","true"
"25","27","0","true"
"26","29","0","true"
"27","32","0","true"
"28","34","0","true"
"29","37","0","true"
"30","45","0","true"
"31","49","0","true"
"32","59","0","true"
"33","73","0","true"
"34","85","0","true"
"35","89","0","true"
"36","100","0","true"
"37","112","0","true"
"38","123","0","true"
"39","134","0","true"
"40","149","0","true"
"41","168","0","true"
"42","193","0","true"
"43","213","0","true"
"44","236","0","true"
"45","259","0","true"
"46","290","0","true"
"47","316","0","true"
"48","344","0","true"
"49","382","0","true"
"50","421","0","true"
"51","468","0","true"
"52","519","0","true"
"53","580","0","true"
"54","630","0","true"
"55","698","0","true"
"56","774","0","true"
"57","865","0","true"
"58","949","0","true"
"59","1054","0","true"
"60","1173","0","true"
"61","1298","0","true"
"62","1440","0","true"
"63","1587","0","true"
"64","1736","0","true"
"65","1923","0","true"
"66","2088","0","true"
"67","2311","0","true"
"68","2559","0","true"
"69","2825","0","true"
"70","3128","0","true"
"71","3457","0","true"
"72","3792","0","true"
"73","4219","0","true"
"74","4680","0","true"
"75","5168","0","true"
"76","5716","0","true"
"77","6302","0","true"
"78","6946","0","true"
"79","7684","0","true"
"80","8479","0","true"
"81","9388","0","true"
"82","10368","0","true"
"83","11368","0","true"
"84","12368","0","true"
"85","13368","0","true"
"86","14368","0","true"
"87","15368","0","true"
"88","16368","0","true"
"89","17368","0","true"
"90","18368","0","true"
"91","19368","0","true"
"92","20368","0","true"
"93","21368","0","true"
"94","22368","0","true"
"95","23368","0","true"
"96","24368","0","true"
"97","25368","0","true"
"98","26368","0","true"
"99","27368","0","true"
"100","28368","0","true"
"101","29368","0","true"
"102","30368","0","true"
"103","31368","0","true"
"104","32368","0","true"
"105","33368","0","true"
"106","34368","0","true"
"107","35368","0","true"
"108","36368","0","true"
"109","37368","0","true"
"110","38368","0","true"
"111","39368","0","true"
"112","40368","0","true"
"113","41368","0","true"
"114","42368","0","true"
"115","43368","0","true"
"116","44368","0","true"
"117","45368","0","true"
"118","46368","0","true"
"119","47368","0","true"
"120","48368","0","true"
"121","49368","0","true"
"122","50368","0","true"
"123","51368","0","true"
"124","52368","0","true"
"125","53368","0","true"
"126","54368","0","true"
"127","55368","0","true"
"128","56368","0","true"
"129","57368","0","true"
"130","58368","0","true"
"131","59368","0","true"
"132","60368","0","true"
"133","61368","0","true"
"134","62368","0","true"
"135","63368","0","true"
"136","64368","0","true"
"137","65368","0","true"
"138","66368","0","true"
"139","67368","0","true"
"140","68368","0","true"
"141","69368","0","true"
"142","70368","0","true"
"143","71368","0","true"
"144","72368","0","true"
"145","73368","0","true"
"146","74368","0","true"
"147","75368","0","true"
"148","76368","0","true"
"149","77368","0","true"
"150","78368","0","true"
"151","79368","0","true"
"152","80368","0","true"
"153","81368","0","true"
"154","82368","0","true"
"155","83368","0","true"
"156","84368","0","true"
"157","85368","0","true"
"158","86368","0","true"
"159","87368","0","true"
"160","88368","0","true"
"161","89368","0","true"
"162","90368","0","true"
"163","91368","0","true"
"164","92368","0","true"
"165","93368","0","true"
"166","94368","0","true"
"167","95368","0","true"
"168","96368","0","true"
"169","97368","0","true"
"170","98368","0","true"
"171","99368","0","true"
"172","100368","0","true"
"173","101368","0","true"
"174","102368","0","true"
"175","103368","0","true"
"176","104368","0","true"
"177","105368","0","true"
"178","106368","0","true"
"179","107368","0","true"
"180","108368","0","true"
"181","109368","0","true"
"182","110368","0","true"
"183","111368","0","true"
"184","112368","0","true"
"185","113368","0","true"
"186","114368","0","true"
"187","115368","0","true"
"188","116368","0","true"
"189","117368","0","true"
"190","118368","0","true"
"191","119368","0","true"
"192","120368","0","true"
"193","121368","0","true"
"194","122368","0","true"
"195","123368","0","true"
"196","124368","0","true"
"197","125368","0","true"
"198","126368","0","true"
"199","127368","0","true"
"200","128368","0","true"
"201","129368","0","true"
"202","130368","0","true"
"203","131368","0","true"
"204","132368","0","true"
"205","133368","0","true"
"206","134368","0","true"
"207","135368","0","true"
"208","136368","0","true"
"209","137368","0","true"
"210","138368","0","true"
"211","139368","0","true"
"212","140368","0","true"
"213","141368","0","true"
"214","142368","0","true"
"215","143368","0","true"
"216","144368","0","true"
"217","145368","0","true"
"218","146368","0","true"
"219","147368","0","true"
"220","148368","0","true"
"221","149368","0","true"
"222","150368","0","true"
"223","151368","0","true"
"224","152368","0","true"
"225","153368","0","true"
"226","154368","0","true"
"227","155368","0","true"
"228","156368","0","true"
"229","157368","0","true"
"230","158368","0","true"
"231","159368","0","true"
"232","160368","0","true"
"233","161368","0","true"
"234","162368","0","true"
"235","163368","0","true"
"236","164368","0","true"
"237","165368","0","true"
"238","166368","0","true"
"239","167368","0","true"
"240","168368","0","true"
"241","169368","0","true"
"242","170368","0","true"
"243","171368","0","true"
"244","172368","0","true"
"245","173368","0","true"
"246","174368","0","true"
"247","175368","0","true"
"248","176368","0","true"
"249","177368","0","true"
"250","178368","0","true"
"251","179368","0","true"

"""pubUniversity3"""
"x min","x max","y min","y max","autoplot?","current pen","legend open?","number of pens"
"0","290","0","150","true","""default""","false","1"

"pen name","pen down?","mode","interval","color","x"
"""default""","true","0","1","0","251"

"""default"""
"x","y","color","pen down?"
"0","0","0","true"
"1","2","0","true"
"2","2","0","true"
"3","2","0","true"
"4","2","0","true"
"5","2","0","true"
"6","2","0","true"
"7","2","0","true"
"8","2","0","true"
"9","2","0","true"
"10","2","0","true"
"11","3","0","true"
"12","3","0","true"
"13","3","0","true"
"14","3","0","true"
"15","3","0","true"
"16","3","0","true"
"17","3","0","true"
"18","3","0","true"
"19","3","0","true"
"20","3","0","true"
"21","3","0","true"
"22","3","0","true"
"23","3","0","true"
"24","3","0","true"
"25","3","0","true"
"26","3","0","true"
"27","4","0","true"
"28","4","0","true"
"29","4","0","true"
"30","4","0","true"
"31","5","0","true"
"32","5","0","true"
"33","5","0","true"
"34","5","0","true"
"35","5","0","true"
"36","6","0","true"
"37","6","0","true"
"38","6","0","true"
"39","6","0","true"
"40","6","0","true"
"41","6","0","true"
"42","8","0","true"
"43","9","0","true"
"44","9","0","true"
"45","9","0","true"
"46","9","0","true"
"47","9","0","true"
"48","9","0","true"
"49","11","0","true"
"50","12","0","true"
"51","12","0","true"
"52","12","0","true"
"53","12","0","true"
"54","12","0","true"
"55","12","0","true"
"56","12","0","true"
"57","12","0","true"
"58","13","0","true"
"59","14","0","true"
"60","14","0","true"
"61","14","0","true"
"62","15","0","true"
"63","15","0","true"
"64","15","0","true"
"65","15","0","true"
"66","16","0","true"
"67","17","0","true"
"68","18","0","true"
"69","19","0","true"
"70","19","0","true"
"71","19","0","true"
"72","19","0","true"
"73","19","0","true"
"74","19","0","true"
"75","19","0","true"
"76","19","0","true"
"77","19","0","true"
"78","19","0","true"
"79","19","0","true"
"80","19","0","true"
"81","20","0","true"
"82","20","0","true"
"83","20","0","true"
"84","21","0","true"
"85","23","0","true"
"86","24","0","true"
"87","25","0","true"
"88","26","0","true"
"89","27","0","true"
"90","27","0","true"
"91","27","0","true"
"92","28","0","true"
"93","28","0","true"
"94","28","0","true"
"95","29","0","true"
"96","29","0","true"
"97","29","0","true"
"98","29","0","true"
"99","29","0","true"
"100","29","0","true"
"101","29","0","true"
"102","29","0","true"
"103","29","0","true"
"104","29","0","true"
"105","29","0","true"
"106","29","0","true"
"107","29","0","true"
"108","29","0","true"
"109","29","0","true"
"110","29","0","true"
"111","29","0","true"
"112","31","0","true"
"113","31","0","true"
"114","31","0","true"
"115","31","0","true"
"116","31","0","true"
"117","31","0","true"
"118","32","0","true"
"119","32","0","true"
"120","33","0","true"
"121","33","0","true"
"122","33","0","true"
"123","35","0","true"
"124","35","0","true"
"125","35","0","true"
"126","35","0","true"
"127","35","0","true"
"128","36","0","true"
"129","37","0","true"
"130","39","0","true"
"131","40","0","true"
"132","40","0","true"
"133","41","0","true"
"134","41","0","true"
"135","41","0","true"
"136","42","0","true"
"137","44","0","true"
"138","44","0","true"
"139","44","0","true"
"140","44","0","true"
"141","44","0","true"
"142","44","0","true"
"143","44","0","true"
"144","44","0","true"
"145","44","0","true"
"146","45","0","true"
"147","46","0","true"
"148","46","0","true"
"149","46","0","true"
"150","46","0","true"
"151","48","0","true"
"152","48","0","true"
"153","48","0","true"
"154","48","0","true"
"155","48","0","true"
"156","48","0","true"
"157","48","0","true"
"158","49","0","true"
"159","50","0","true"
"160","51","0","true"
"161","51","0","true"
"162","51","0","true"
"163","51","0","true"
"164","51","0","true"
"165","52","0","true"
"166","53","0","true"
"167","54","0","true"
"168","54","0","true"
"169","54","0","true"
"170","54","0","true"
"171","54","0","true"
"172","56","0","true"
"173","56","0","true"
"174","57","0","true"
"175","57","0","true"
"176","58","0","true"
"177","58","0","true"
"178","59","0","true"
"179","59","0","true"
"180","61","0","true"
"181","61","0","true"
"182","61","0","true"
"183","61","0","true"
"184","62","0","true"
"185","64","0","true"
"186","64","0","true"
"187","65","0","true"
"188","66","0","true"
"189","68","0","true"
"190","70","0","true"
"191","70","0","true"
"192","70","0","true"
"193","72","0","true"
"194","74","0","true"
"195","74","0","true"
"196","75","0","true"
"197","75","0","true"
"198","76","0","true"
"199","76","0","true"
"200","76","0","true"
"201","77","0","true"
"202","78","0","true"
"203","79","0","true"
"204","80","0","true"
"205","82","0","true"
"206","87","0","true"
"207","90","0","true"
"208","92","0","true"
"209","93","0","true"
"210","94","0","true"
"211","96","0","true"
"212","97","0","true"
"213","99","0","true"
"214","99","0","true"
"215","100","0","true"
"216","102","0","true"
"217","106","0","true"
"218","107","0","true"
"219","109","0","true"
"220","112","0","true"
"221","112","0","true"
"222","113","0","true"
"223","113","0","true"
"224","114","0","true"
"225","114","0","true"
"226","115","0","true"
"227","116","0","true"
"228","117","0","true"
"229","118","0","true"
"230","121","0","true"
"231","121","0","true"
"232","123","0","true"
"233","123","0","true"
"234","124","0","true"
"235","125","0","true"
"236","125","0","true"
"237","125","0","true"
"238","127","0","true"
"239","129","0","true"
"240","131","0","true"
"241","133","0","true"
"242","136","0","true"
"243","137","0","true"
"244","138","0","true"
"245","139","0","true"
"246","139","0","true"
"247","142","0","true"
"248","143","0","true"
"249","144","0","true"
"250","146","0","true"
"251","147","0","true"

"""pubUniversity4"""
"x min","x max","y min","y max","autoplot?","current pen","legend open?","number of pens"
"0","290","0","20.9","true","""default""","false","1"

"pen name","pen down?","mode","interval","color","x"
"""default""","true","0","1","0","251"

"""default"""
"x","y","color","pen down?"
"0","0","0","true"
"1","0","0","true"
"2","1","0","true"
"3","1","0","true"
"4","1","0","true"
"5","1","0","true"
"6","1","0","true"
"7","1","0","true"
"8","1","0","true"
"9","1","0","true"
"10","3","0","true"
"11","3","0","true"
"12","3","0","true"
"13","3","0","true"
"14","3","0","true"
"15","3","0","true"
"16","3","0","true"
"17","3","0","true"
"18","3","0","true"
"19","3","0","true"
"20","4","0","true"
"21","4","0","true"
"22","5","0","true"
"23","5","0","true"
"24","5","0","true"
"25","5","0","true"
"26","6","0","true"
"27","6","0","true"
"28","6","0","true"
"29","6","0","true"
"30","7","0","true"
"31","7","0","true"
"32","7","0","true"
"33","7","0","true"
"34","7","0","true"
"35","7","0","true"
"36","7","0","true"
"37","7","0","true"
"38","7","0","true"
"39","7","0","true"
"40","8","0","true"
"41","9","0","true"
"42","9","0","true"
"43","9","0","true"
"44","9","0","true"
"45","9","0","true"
"46","9","0","true"
"47","9","0","true"
"48","9","0","true"
"49","9","0","true"
"50","9","0","true"
"51","9","0","true"
"52","9","0","true"
"53","9","0","true"
"54","9","0","true"
"55","9","0","true"
"56","9","0","true"
"57","9","0","true"
"58","9","0","true"
"59","9","0","true"
"60","9","0","true"
"61","9","0","true"
"62","9","0","true"
"63","9","0","true"
"64","9","0","true"
"65","9","0","true"
"66","9","0","true"
"67","9","0","true"
"68","9","0","true"
"69","9","0","true"
"70","9","0","true"
"71","9","0","true"
"72","9","0","true"
"73","9","0","true"
"74","9","0","true"
"75","9","0","true"
"76","10","0","true"
"77","10","0","true"
"78","10","0","true"
"79","10","0","true"
"80","10","0","true"
"81","10","0","true"
"82","10","0","true"
"83","10","0","true"
"84","10","0","true"
"85","10","0","true"
"86","10","0","true"
"87","10","0","true"
"88","10","0","true"
"89","10","0","true"
"90","10","0","true"
"91","10","0","true"
"92","10","0","true"
"93","10","0","true"
"94","10","0","true"
"95","11","0","true"
"96","11","0","true"
"97","11","0","true"
"98","11","0","true"
"99","11","0","true"
"100","11","0","true"
"101","11","0","true"
"102","11","0","true"
"103","11","0","true"
"104","11","0","true"
"105","11","0","true"
"106","11","0","true"
"107","11","0","true"
"108","11","0","true"
"109","11","0","true"
"110","11","0","true"
"111","11","0","true"
"112","11","0","true"
"113","11","0","true"
"114","11","0","true"
"115","11","0","true"
"116","11","0","true"
"117","11","0","true"
"118","11","0","true"
"119","11","0","true"
"120","11","0","true"
"121","12","0","true"
"122","12","0","true"
"123","12","0","true"
"124","12","0","true"
"125","13","0","true"
"126","13","0","true"
"127","13","0","true"
"128","13","0","true"
"129","13","0","true"
"130","13","0","true"
"131","13","0","true"
"132","13","0","true"
"133","13","0","true"
"134","13","0","true"
"135","13","0","true"
"136","13","0","true"
"137","13","0","true"
"138","13","0","true"
"139","13","0","true"
"140","13","0","true"
"141","13","0","true"
"142","13","0","true"
"143","13","0","true"
"144","13","0","true"
"145","13","0","true"
"146","13","0","true"
"147","13","0","true"
"148","13","0","true"
"149","13","0","true"
"150","13","0","true"
"151","13","0","true"
"152","13","0","true"
"153","13","0","true"
"154","14","0","true"
"155","14","0","true"
"156","14","0","true"
"157","14","0","true"
"158","14","0","true"
"159","14","0","true"
"160","14","0","true"
"161","14","0","true"
"162","14","0","true"
"163","14","0","true"
"164","14","0","true"
"165","14","0","true"
"166","14","0","true"
"167","14","0","true"
"168","14","0","true"
"169","14","0","true"
"170","14","0","true"
"171","14","0","true"
"172","14","0","true"
"173","14","0","true"
"174","14","0","true"
"175","14","0","true"
"176","14","0","true"
"177","14","0","true"
"178","14","0","true"
"179","14","0","true"
"180","14","0","true"
"181","15","0","true"
"182","15","0","true"
"183","15","0","true"
"184","15","0","true"
"185","15","0","true"
"186","15","0","true"
"187","15","0","true"
"188","15","0","true"
"189","15","0","true"
"190","15","0","true"
"191","15","0","true"
"192","15","0","true"
"193","17","0","true"
"194","17","0","true"
"195","17","0","true"
"196","17","0","true"
"197","17","0","true"
"198","17","0","true"
"199","17","0","true"
"200","17","0","true"
"201","17","0","true"
"202","17","0","true"
"203","17","0","true"
"204","17","0","true"
"205","17","0","true"
"206","17","0","true"
"207","17","0","true"
"208","17","0","true"
"209","18","0","true"
"210","18","0","true"
"211","18","0","true"
"212","18","0","true"
"213","18","0","true"
"214","18","0","true"
"215","18","0","true"
"216","18","0","true"
"217","18","0","true"
"218","18","0","true"
"219","18","0","true"
"220","18","0","true"
"221","18","0","true"
"222","18","0","true"
"223","18","0","true"
"224","18","0","true"
"225","18","0","true"
"226","18","0","true"
"227","18","0","true"
"228","18","0","true"
"229","18","0","true"
"230","18","0","true"
"231","18","0","true"
"232","18","0","true"
"233","18","0","true"
"234","18","0","true"
"235","18","0","true"
"236","18","0","true"
"237","18","0","true"
"238","18","0","true"
"239","18","0","true"
"240","18","0","true"
"241","19","0","true"
"242","19","0","true"
"243","19","0","true"
"244","19","0","true"
"245","19","0","true"
"246","19","0","true"
"247","19","0","true"
"248","19","0","true"
"249","19","0","true"
"250","19","0","true"
"251","19","0","true"

"""pubUniversity5"""
"x min","x max","y min","y max","autoplot?","current pen","legend open?","number of pens"
"0","290","0","15500","true","""default""","false","1"

"pen name","pen down?","mode","interval","color","x"
"""default""","true","0","1","0","251"

"""default"""
"x","y","color","pen down?"
"0","0","0","true"
"1","0","0","true"
"2","0","0","true"
"3","0","0","true"
"4","0","0","true"
"5","0","0","true"
"6","0","0","true"
"7","0","0","true"
"8","0","0","true"
"9","0","0","true"
"10","0","0","true"
"11","0","0","true"
"12","0","0","true"
"13","0","0","true"
"14","0","0","true"
"15","0","0","true"
"16","0","0","true"
"17","0","0","true"
"18","0","0","true"
"19","0","0","true"
"20","0","0","true"
"21","0","0","true"
"22","0","0","true"
"23","0","0","true"
"24","0","0","true"
"25","0","0","true"
"26","0","0","true"
"27","0","0","true"
"28","0","0","true"
"29","0","0","true"
"30","0","0","true"
"31","0","0","true"
"32","0","0","true"
"33","0","0","true"
"34","0","0","true"
"35","0","0","true"
"36","0","0","true"
"37","0","0","true"
"38","0","0","true"
"39","0","0","true"
"40","0","0","true"
"41","0","0","true"
"42","1","0","true"
"43","1","0","true"
"44","2","0","true"
"45","2","0","true"
"46","2","0","true"
"47","2","0","true"
"48","3","0","true"
"49","4","0","true"
"50","4","0","true"
"51","4","0","true"
"52","4","0","true"
"53","4","0","true"
"54","7","0","true"
"55","7","0","true"
"56","8","0","true"
"57","10","0","true"
"58","11","0","true"
"59","12","0","true"
"60","13","0","true"
"61","14","0","true"
"62","15","0","true"
"63","16","0","true"
"64","17","0","true"
"65","20","0","true"
"66","22","0","true"
"67","24","0","true"
"68","25","0","true"
"69","27","0","true"
"70","29","0","true"
"71","32","0","true"
"72","37","0","true"
"73","40","0","true"
"74","43","0","true"
"75","48","0","true"
"76","49","0","true"
"77","52","0","true"
"78","53","0","true"
"79","56","0","true"
"80","60","0","true"
"81","68","0","true"
"82","73","0","true"
"83","83","0","true"
"84","85","0","true"
"85","92","0","true"
"86","100","0","true"
"87","110","0","true"
"88","122","0","true"
"89","137","0","true"
"90","152","0","true"
"91","176","0","true"
"92","200","0","true"
"93","221","0","true"
"94","246","0","true"
"95","269","0","true"
"96","300","0","true"
"97","331","0","true"
"98","363","0","true"
"99","403","0","true"
"100","447","0","true"
"101","490","0","true"
"102","532","0","true"
"103","601","0","true"
"104","662","0","true"
"105","729","0","true"
"106","804","0","true"
"107","894","0","true"
"108","986","0","true"
"109","1086","0","true"
"110","1186","0","true"
"111","1286","0","true"
"112","1386","0","true"
"113","1486","0","true"
"114","1586","0","true"
"115","1686","0","true"
"116","1786","0","true"
"117","1886","0","true"
"118","1986","0","true"
"119","2086","0","true"
"120","2186","0","true"
"121","2286","0","true"
"122","2386","0","true"
"123","2486","0","true"
"124","2586","0","true"
"125","2686","0","true"
"126","2786","0","true"
"127","2886","0","true"
"128","2986","0","true"
"129","3086","0","true"
"130","3186","0","true"
"131","3286","0","true"
"132","3386","0","true"
"133","3486","0","true"
"134","3586","0","true"
"135","3686","0","true"
"136","3786","0","true"
"137","3886","0","true"
"138","3986","0","true"
"139","4086","0","true"
"140","4186","0","true"
"141","4286","0","true"
"142","4386","0","true"
"143","4486","0","true"
"144","4586","0","true"
"145","4686","0","true"
"146","4786","0","true"
"147","4886","0","true"
"148","4986","0","true"
"149","5086","0","true"
"150","5186","0","true"
"151","5286","0","true"
"152","5386","0","true"
"153","5486","0","true"
"154","5586","0","true"
"155","5686","0","true"
"156","5786","0","true"
"157","5886","0","true"
"158","5986","0","true"
"159","6086","0","true"
"160","6186","0","true"
"161","6286","0","true"
"162","6386","0","true"
"163","6486","0","true"
"164","6586","0","true"
"165","6686","0","true"
"166","6786","0","true"
"167","6886","0","true"
"168","6986","0","true"
"169","7086","0","true"
"170","7186","0","true"
"171","7286","0","true"
"172","7386","0","true"
"173","7486","0","true"
"174","7586","0","true"
"175","7686","0","true"
"176","7786","0","true"
"177","7886","0","true"
"178","7986","0","true"
"179","8086","0","true"
"180","8186","0","true"
"181","8286","0","true"
"182","8386","0","true"
"183","8486","0","true"
"184","8586","0","true"
"185","8686","0","true"
"186","8786","0","true"
"187","8886","0","true"
"188","8986","0","true"
"189","9086","0","true"
"190","9186","0","true"
"191","9286","0","true"
"192","9386","0","true"
"193","9486","0","true"
"194","9586","0","true"
"195","9686","0","true"
"196","9786","0","true"
"197","9886","0","true"
"198","9986","0","true"
"199","10086","0","true"
"200","10186","0","true"
"201","10286","0","true"
"202","10386","0","true"
"203","10486","0","true"
"204","10586","0","true"
"205","10686","0","true"
"206","10786","0","true"
"207","10886","0","true"
"208","10986","0","true"
"209","11086","0","true"
"210","11186","0","true"
"211","11286","0","true"
"212","11386","0","true"
"213","11486","0","true"
"214","11586","0","true"
"215","11686","0","true"
"216","11786","0","true"
"217","11886","0","true"
"218","11986","0","true"
"219","12086","0","true"
"220","12186","0","true"
"221","12286","0","true"
"222","12386","0","true"
"223","12486","0","true"
"224","12586","0","true"
"225","12686","0","true"
"226","12786","0","true"
"227","12886","0","true"
"228","12986","0","true"
"229","13086","0","true"
"230","13186","0","true"
"231","13286","0","true"
"232","13386","0","true"
"233","13486","0","true"
"234","13586","0","true"
"235","13686","0","true"
"236","13786","0","true"
"237","13886","0","true"
"238","13986","0","true"
"239","14086","0","true"
"240","14186","0","true"
"241","14286","0","true"
"242","14386","0","true"
"243","14486","0","true"
"244","14586","0","true"
"245","14686","0","true"
"246","14786","0","true"
"247","14886","0","true"
"248","14986","0","true"
"249","15086","0","true"
"250","15186","0","true"
"251","15286","0","true"

"""pubUniversity6"""
"x min","x max","y min","y max","autoplot?","current pen","legend open?","number of pens"
"0","290","0","10","true","""default""","false","1"

"pen name","pen down?","mode","interval","color","x"
"""default""","true","0","1","0","251"

"""default"""
"x","y","color","pen down?"
"0","0","0","true"
"1","0","0","true"
"2","0","0","true"
"3","0","0","true"
"4","0","0","true"
"5","0","0","true"
"6","0","0","true"
"7","0","0","true"
"8","0","0","true"
"9","0","0","true"
"10","0","0","true"
"11","0","0","true"
"12","0","0","true"
"13","0","0","true"
"14","0","0","true"
"15","0","0","true"
"16","0","0","true"
"17","0","0","true"
"18","0","0","true"
"19","0","0","true"
"20","0","0","true"
"21","1","0","true"
"22","1","0","true"
"23","1","0","true"
"24","1","0","true"
"25","1","0","true"
"26","1","0","true"
"27","1","0","true"
"28","1","0","true"
"29","1","0","true"
"30","1","0","true"
"31","1","0","true"
"32","1","0","true"
"33","1","0","true"
"34","1","0","true"
"35","1","0","true"
"36","1","0","true"
"37","1","0","true"
"38","1","0","true"
"39","1","0","true"
"40","1","0","true"
"41","1","0","true"
"42","1","0","true"
"43","1","0","true"
"44","1","0","true"
"45","1","0","true"
"46","1","0","true"
"47","1","0","true"
"48","1","0","true"
"49","1","0","true"
"50","1","0","true"
"51","1","0","true"
"52","1","0","true"
"53","1","0","true"
"54","1","0","true"
"55","1","0","true"
"56","1","0","true"
"57","2","0","true"
"58","2","0","true"
"59","2","0","true"
"60","2","0","true"
"61","2","0","true"
"62","2","0","true"
"63","2","0","true"
"64","2","0","true"
"65","2","0","true"
"66","2","0","true"
"67","2","0","true"
"68","2","0","true"
"69","2","0","true"
"70","2","0","true"
"71","2","0","true"
"72","2","0","true"
"73","2","0","true"
"74","2","0","true"
"75","2","0","true"
"76","2","0","true"
"77","2","0","true"
"78","2","0","true"
"79","2","0","true"
"80","2","0","true"
"81","2","0","true"
"82","2","0","true"
"83","2","0","true"
"84","2","0","true"
"85","2","0","true"
"86","2","0","true"
"87","3","0","true"
"88","3","0","true"
"89","3","0","true"
"90","3","0","true"
"91","3","0","true"
"92","3","0","true"
"93","3","0","true"
"94","3","0","true"
"95","3","0","true"
"96","3","0","true"
"97","3","0","true"
"98","3","0","true"
"99","3","0","true"
"100","3","0","true"
"101","3","0","true"
"102","3","0","true"
"103","3","0","true"
"104","3","0","true"
"105","3","0","true"
"106","3","0","true"
"107","3","0","true"
"108","3","0","true"
"109","3","0","true"
"110","3","0","true"
"111","3","0","true"
"112","3","0","true"
"113","3","0","true"
"114","3","0","true"
"115","3","0","true"
"116","3","0","true"
"117","3","0","true"
"118","3","0","true"
"119","3","0","true"
"120","3","0","true"
"121","3","0","true"
"122","3","0","true"
"123","3","0","true"
"124","3","0","true"
"125","3","0","true"
"126","3","0","true"
"127","3","0","true"
"128","3","0","true"
"129","3","0","true"
"130","3","0","true"
"131","3","0","true"
"132","3","0","true"
"133","3","0","true"
"134","3","0","true"
"135","3","0","true"
"136","3","0","true"
"137","3","0","true"
"138","3","0","true"
"139","3","0","true"
"140","3","0","true"
"141","3","0","true"
"142","3","0","true"
"143","3","0","true"
"144","3","0","true"
"145","3","0","true"
"146","3","0","true"
"147","3","0","true"
"148","3","0","true"
"149","3","0","true"
"150","3","0","true"
"151","3","0","true"
"152","3","0","true"
"153","3","0","true"
"154","3","0","true"
"155","3","0","true"
"156","3","0","true"
"157","3","0","true"
"158","3","0","true"
"159","3","0","true"
"160","3","0","true"
"161","3","0","true"
"162","3","0","true"
"163","3","0","true"
"164","3","0","true"
"165","3","0","true"
"166","3","0","true"
"167","3","0","true"
"168","3","0","true"
"169","3","0","true"
"170","3","0","true"
"171","3","0","true"
"172","3","0","true"
"173","3","0","true"
"174","3","0","true"
"175","3","0","true"
"176","3","0","true"
"177","3","0","true"
"178","4","0","true"
"179","4","0","true"
"180","4","0","true"
"181","4","0","true"
"182","4","0","true"
"183","4","0","true"
"184","4","0","true"
"185","4","0","true"
"186","4","0","true"
"187","4","0","true"
"188","4","0","true"
"189","4","0","true"
"190","4","0","true"
"191","4","0","true"
"192","4","0","true"
"193","4","0","true"
"194","4","0","true"
"195","4","0","true"
"196","4","0","true"
"197","4","0","true"
"198","4","0","true"
"199","4","0","true"
"200","4","0","true"
"201","4","0","true"
"202","4","0","true"
"203","4","0","true"
"204","4","0","true"
"205","4","0","true"
"206","4","0","true"
"207","4","0","true"
"208","4","0","true"
"209","4","0","true"
"210","4","0","true"
"211","4","0","true"
"212","4","0","true"
"213","4","0","true"
"214","4","0","true"
"215","4","0","true"
"216","4","0","true"
"217","4","0","true"
"218","4","0","true"
"219","4","0","true"
"220","4","0","true"
"221","4","0","true"
"222","4","0","true"
"223","4","0","true"
"224","4","0","true"
"225","4","0","true"
"226","4","0","true"
"227","4","0","true"
"228","4","0","true"
"229","4","0","true"
"230","4","0","true"
"231","4","0","true"
"232","4","0","true"
"233","4","0","true"
"234","4","0","true"
"235","4","0","true"
"236","5","0","true"
"237","5","0","true"
"238","5","0","true"
"239","5","0","true"
"240","5","0","true"
"241","5","0","true"
"242","5","0","true"
"243","5","0","true"
"244","5","0","true"
"245","5","0","true"
"246","5","0","true"
"247","5","0","true"
"248","5","0","true"
"249","5","0","true"
"250","5","0","true"
"251","5","0","true"

"""pubUniversity7"""
"x min","x max","y min","y max","autoplot?","current pen","legend open?","number of pens"
"0","290","0","10","true","""default""","false","1"

"pen name","pen down?","mode","interval","color","x"
"""default""","true","0","1","0","251"

"""default"""
"x","y","color","pen down?"
"0","0","0","true"
"1","0","0","true"
"2","0","0","true"
"3","0","0","true"
"4","0","0","true"
"5","0","0","true"
"6","0","0","true"
"7","0","0","true"
"8","0","0","true"
"9","0","0","true"
"10","0","0","true"
"11","0","0","true"
"12","0","0","true"
"13","0","0","true"
"14","0","0","true"
"15","0","0","true"
"16","0","0","true"
"17","0","0","true"
"18","0","0","true"
"19","0","0","true"
"20","0","0","true"
"21","0","0","true"
"22","0","0","true"
"23","0","0","true"
"24","0","0","true"
"25","0","0","true"
"26","0","0","true"
"27","0","0","true"
"28","0","0","true"
"29","0","0","true"
"30","0","0","true"
"31","0","0","true"
"32","0","0","true"
"33","0","0","true"
"34","0","0","true"
"35","0","0","true"
"36","0","0","true"
"37","0","0","true"
"38","0","0","true"
"39","0","0","true"
"40","0","0","true"
"41","0","0","true"
"42","0","0","true"
"43","0","0","true"
"44","0","0","true"
"45","0","0","true"
"46","0","0","true"
"47","0","0","true"
"48","0","0","true"
"49","0","0","true"
"50","0","0","true"
"51","0","0","true"
"52","0","0","true"
"53","0","0","true"
"54","0","0","true"
"55","0","0","true"
"56","0","0","true"
"57","0","0","true"
"58","0","0","true"
"59","0","0","true"
"60","0","0","true"
"61","0","0","true"
"62","0","0","true"
"63","0","0","true"
"64","0","0","true"
"65","0","0","true"
"66","0","0","true"
"67","0","0","true"
"68","0","0","true"
"69","0","0","true"
"70","0","0","true"
"71","0","0","true"
"72","0","0","true"
"73","0","0","true"
"74","0","0","true"
"75","0","0","true"
"76","0","0","true"
"77","0","0","true"
"78","0","0","true"
"79","0","0","true"
"80","0","0","true"
"81","0","0","true"
"82","0","0","true"
"83","0","0","true"
"84","0","0","true"
"85","0","0","true"
"86","0","0","true"
"87","0","0","true"
"88","0","0","true"
"89","0","0","true"
"90","0","0","true"
"91","0","0","true"
"92","0","0","true"
"93","0","0","true"
"94","0","0","true"
"95","0","0","true"
"96","0","0","true"
"97","0","0","true"
"98","0","0","true"
"99","0","0","true"
"100","0","0","true"
"101","0","0","true"
"102","0","0","true"
"103","0","0","true"
"104","0","0","true"
"105","0","0","true"
"106","0","0","true"
"107","0","0","true"
"108","0","0","true"
"109","0","0","true"
"110","0","0","true"
"111","0","0","true"
"112","0","0","true"
"113","0","0","true"
"114","0","0","true"
"115","0","0","true"
"116","0","0","true"
"117","0","0","true"
"118","0","0","true"
"119","0","0","true"
"120","0","0","true"
"121","0","0","true"
"122","0","0","true"
"123","0","0","true"
"124","0","0","true"
"125","0","0","true"
"126","0","0","true"
"127","0","0","true"
"128","0","0","true"
"129","0","0","true"
"130","0","0","true"
"131","0","0","true"
"132","0","0","true"
"133","0","0","true"
"134","0","0","true"
"135","0","0","true"
"136","0","0","true"
"137","0","0","true"
"138","0","0","true"
"139","0","0","true"
"140","0","0","true"
"141","0","0","true"
"142","0","0","true"
"143","0","0","true"
"144","0","0","true"
"145","0","0","true"
"146","0","0","true"
"147","0","0","true"
"148","0","0","true"
"149","0","0","true"
"150","0","0","true"
"151","0","0","true"
"152","0","0","true"
"153","0","0","true"
"154","0","0","true"
"155","0","0","true"
"156","0","0","true"
"157","0","0","true"
"158","0","0","true"
"159","0","0","true"
"160","0","0","true"
"161","0","0","true"
"162","0","0","true"
"163","0","0","true"
"164","0","0","true"
"165","0","0","true"
"166","0","0","true"
"167","0","0","true"
"168","0","0","true"
"169","0","0","true"
"170","0","0","true"
"171","0","0","true"
"172","0","0","true"
"173","0","0","true"
"174","0","0","true"
"175","0","0","true"
"176","0","0","true"
"177","0","0","true"
"178","0","0","true"
"179","0","0","true"
"180","0","0","true"
"181","0","0","true"
"182","0","0","true"
"183","0","0","true"
"184","0","0","true"
"185","0","0","true"
"186","0","0","true"
"187","0","0","true"
"188","0","0","true"
"189","0","0","true"
"190","0","0","true"
"191","0","0","true"
"192","0","0","true"
"193","0","0","true"
"194","0","0","true"
"195","0","0","true"
"196","0","0","true"
"197","0","0","true"
"198","0","0","true"
"199","0","0","true"
"200","0","0","true"
"201","0","0","true"
"202","0","0","true"
"203","0","0","true"
"204","0","0","true"
"205","0","0","true"
"206","0","0","true"
"207","0","0","true"
"208","0","0","true"
"209","0","0","true"
"210","0","0","true"
"211","0","0","true"
"212","0","0","true"
"213","0","0","true"
"214","0","0","true"
"215","0","0","true"
"216","0","0","true"
"217","0","0","true"
"218","0","0","true"
"219","0","0","true"
"220","0","0","true"
"221","0","0","true"
"222","0","0","true"
"223","0","0","true"
"224","0","0","true"
"225","0","0","true"
"226","0","0","true"
"227","0","0","true"
"228","0","0","true"
"229","0","0","true"
"230","0","0","true"
"231","0","0","true"
"232","0","0","true"
"233","0","0","true"
"234","0","0","true"
"235","0","0","true"
"236","0","0","true"
"237","0","0","true"
"238","0","0","true"
"239","0","0","true"
"240","0","0","true"
"241","0","0","true"
"242","0","0","true"
"243","0","0","true"
"244","0","0","true"
"245","0","0","true"
"246","0","0","true"
"247","0","0","true"
"248","0","0","true"
"249","0","0","true"
"250","0","0","true"
"251","0","0","true"

"""pubUniversity8"""
"x min","x max","y min","y max","autoplot?","current pen","legend open?","number of pens"
"0","290","0","10","true","""default""","false","1"

"pen name","pen down?","mode","interval","color","x"
"""default""","true","0","1","0","251"

"""default"""
"x","y","color","pen down?"
"0","0","0","true"
"1","0","0","true"
"2","0","0","true"
"3","0","0","true"
"4","0","0","true"
"5","0","0","true"
"6","0","0","true"
"7","0","0","true"
"8","0","0","true"
"9","0","0","true"
"10","0","0","true"
"11","0","0","true"
"12","0","0","true"
"13","0","0","true"
"14","0","0","true"
"15","0","0","true"
"16","0","0","true"
"17","0","0","true"
"18","0","0","true"
"19","0","0","true"
"20","0","0","true"
"21","0","0","true"
"22","0","0","true"
"23","0","0","true"
"24","0","0","true"
"25","0","0","true"
"26","0","0","true"
"27","0","0","true"
"28","0","0","true"
"29","0","0","true"
"30","0","0","true"
"31","0","0","true"
"32","0","0","true"
"33","0","0","true"
"34","0","0","true"
"35","0","0","true"
"36","0","0","true"
"37","0","0","true"
"38","0","0","true"
"39","0","0","true"
"40","0","0","true"
"41","0","0","true"
"42","0","0","true"
"43","0","0","true"
"44","0","0","true"
"45","0","0","true"
"46","1","0","true"
"47","1","0","true"
"48","1","0","true"
"49","1","0","true"
"50","1","0","true"
"51","1","0","true"
"52","2","0","true"
"53","2","0","true"
"54","2","0","true"
"55","2","0","true"
"56","2","0","true"
"57","2","0","true"
"58","2","0","true"
"59","2","0","true"
"60","2","0","true"
"61","2","0","true"
"62","2","0","true"
"63","2","0","true"
"64","2","0","true"
"65","2","0","true"
"66","2","0","true"
"67","2","0","true"
"68","2","0","true"
"69","2","0","true"
"70","2","0","true"
"71","2","0","true"
"72","2","0","true"
"73","2","0","true"
"74","2","0","true"
"75","2","0","true"
"76","3","0","true"
"77","3","0","true"
"78","3","0","true"
"79","3","0","true"
"80","3","0","true"
"81","3","0","true"
"82","3","0","true"
"83","3","0","true"
"84","3","0","true"
"85","3","0","true"
"86","3","0","true"
"87","3","0","true"
"88","3","0","true"
"89","3","0","true"
"90","3","0","true"
"91","3","0","true"
"92","3","0","true"
"93","3","0","true"
"94","3","0","true"
"95","3","0","true"
"96","3","0","true"
"97","3","0","true"
"98","3","0","true"
"99","3","0","true"
"100","3","0","true"
"101","3","0","true"
"102","3","0","true"
"103","3","0","true"
"104","3","0","true"
"105","3","0","true"
"106","3","0","true"
"107","3","0","true"
"108","3","0","true"
"109","3","0","true"
"110","3","0","true"
"111","3","0","true"
"112","3","0","true"
"113","3","0","true"
"114","3","0","true"
"115","3","0","true"
"116","3","0","true"
"117","3","0","true"
"118","3","0","true"
"119","3","0","true"
"120","3","0","true"
"121","3","0","true"
"122","3","0","true"
"123","3","0","true"
"124","3","0","true"
"125","3","0","true"
"126","3","0","true"
"127","3","0","true"
"128","3","0","true"
"129","3","0","true"
"130","3","0","true"
"131","3","0","true"
"132","3","0","true"
"133","3","0","true"
"134","3","0","true"
"135","3","0","true"
"136","3","0","true"
"137","3","0","true"
"138","3","0","true"
"139","3","0","true"
"140","3","0","true"
"141","3","0","true"
"142","3","0","true"
"143","3","0","true"
"144","3","0","true"
"145","3","0","true"
"146","4","0","true"
"147","4","0","true"
"148","4","0","true"
"149","4","0","true"
"150","4","0","true"
"151","4","0","true"
"152","4","0","true"
"153","4","0","true"
"154","4","0","true"
"155","4","0","true"
"156","4","0","true"
"157","4","0","true"
"158","4","0","true"
"159","4","0","true"
"160","4","0","true"
"161","4","0","true"
"162","4","0","true"
"163","4","0","true"
"164","4","0","true"
"165","4","0","true"
"166","4","0","true"
"167","4","0","true"
"168","4","0","true"
"169","4","0","true"
"170","4","0","true"
"171","4","0","true"
"172","4","0","true"
"173","4","0","true"
"174","4","0","true"
"175","4","0","true"
"176","4","0","true"
"177","4","0","true"
"178","4","0","true"
"179","4","0","true"
"180","4","0","true"
"181","4","0","true"
"182","4","0","true"
"183","4","0","true"
"184","4","0","true"
"185","4","0","true"
"186","4","0","true"
"187","4","0","true"
"188","4","0","true"
"189","4","0","true"
"190","4","0","true"
"191","4","0","true"
"192","4","0","true"
"193","4","0","true"
"194","4","0","true"
"195","4","0","true"
"196","4","0","true"
"197","4","0","true"
"198","4","0","true"
"199","4","0","true"
"200","4","0","true"
"201","4","0","true"
"202","4","0","true"
"203","4","0","true"
"204","4","0","true"
"205","4","0","true"
"206","4","0","true"
"207","4","0","true"
"208","4","0","true"
"209","4","0","true"
"210","4","0","true"
"211","4","0","true"
"212","4","0","true"
"213","4","0","true"
"214","4","0","true"
"215","4","0","true"
"216","4","0","true"
"217","4","0","true"
"218","4","0","true"
"219","4","0","true"
"220","4","0","true"
"221","4","0","true"
"222","4","0","true"
"223","4","0","true"
"224","4","0","true"
"225","4","0","true"
"226","4","0","true"
"227","4","0","true"
"228","4","0","true"
"229","4","0","true"
"230","4","0","true"
"231","4","0","true"
"232","4","0","true"
"233","4","0","true"
"234","4","0","true"
"235","4","0","true"
"236","4","0","true"
"237","4","0","true"
"238","4","0","true"
"239","4","0","true"
"240","4","0","true"
"241","4","0","true"
"242","4","0","true"
"243","4","0","true"
"244","4","0","true"
"245","4","0","true"
"246","4","0","true"
"247","4","0","true"
"248","4","0","true"
"249","4","0","true"
"250","4","0","true"
"251","4","0","true"

"""probabilityUniversity1"""
"x min","x max","y min","y max","autoplot?","current pen","legend open?","number of pens"
"0","290","0","103","true","""default""","false","1"

"pen name","pen down?","mode","interval","color","x"
"""default""","true","0","1","0","251"

"""default"""
"x","y","color","pen down?"
"0","1.0E-4","0","true"
"1","1.0E-4","0","true"
"2","1.0E-4","0","true"
"3","1.0E-4","0","true"
"4","1.0E-4","0","true"
"5","1.0E-4","0","true"
"6","1.0E-4","0","true"
"7","1.0E-4","0","true"
"8","1.0E-4","0","true"
"9","0.0011","0","true"
"10","0.0041","0","true"
"11","0.015100000000000006","0","true"
"12","0.03710000000000002","0","true"
"13","0.1241000000000001","0","true"
"14","0.27610000000000023","0","true"
"15","0.7581000000000007","0","true"
"16","1.7230999999999213","0","true"
"17","2.7230999999998113","0","true"
"18","3.723099999999701","0","true"
"19","4.723099999999913","0","true"
"20","5.7231000000002465","0","true"
"21","6.7231000000005805","0","true"
"22","7.7231000000009145","0","true"
"23","8.723100000000606","0","true"
"24","9.723100000000052","0","true"
"25","10.723099999999498","0","true"
"26","11.723099999998944","0","true"
"27","12.72309999999839","0","true"
"28","13.723099999997835","0","true"
"29","14.723099999997281","0","true"
"30","15.723099999996727","0","true"
"31","16.72309999999746","0","true"
"32","17.72309999999868","0","true"
"33","18.723099999999903","0","true"
"34","19.723100000001125","0","true"
"35","20.723100000002347","0","true"
"36","21.72310000000357","0","true"
"37","22.72310000000479","0","true"
"38","23.723100000006013","0","true"
"39","24.723100000007236","0","true"
"40","25.723100000008458","0","true"
"41","26.72310000000968","0","true"
"42","27.723100000010902","0","true"
"43","28.723100000012124","0","true"
"44","29.723100000013346","0","true"
"45","30.72310000001457","0","true"
"46","31.72310000001579","0","true"
"47","32.72310000001444","0","true"
"48","33.72310000001211","0","true"
"49","34.72310000000978","0","true"
"50","35.72310000000745","0","true"
"51","36.72310000000512","0","true"
"52","37.72310000000279","0","true"
"53","38.72310000000046","0","true"
"54","39.72309999999813","0","true"
"55","40.723099999995796","0","true"
"56","41.723099999993465","0","true"
"57","42.723099999991135","0","true"
"58","43.723099999988804","0","true"
"59","44.723099999986474","0","true"
"60","45.72309999998414","0","true"
"61","46.72309999998181","0","true"
"62","47.72309999997948","0","true"
"63","48.72309999997715","0","true"
"64","49.72309999997482","0","true"
"65","50.72309999997249","0","true"
"66","51.72309999997016","0","true"
"67","52.72309999996783","0","true"
"68","53.7230999999655","0","true"
"69","54.72309999996317","0","true"
"70","55.72309999996084","0","true"
"71","56.72309999995851","0","true"
"72","57.723099999956176","0","true"
"73","58.723099999953845","0","true"
"74","59.723099999951515","0","true"
"75","60.723099999949184","0","true"
"76","61.723099999946854","0","true"
"77","62.72309999994452","0","true"
"78","63.72309999994219","0","true"
"79","64.723099999945","0","true"
"80","65.72309999994978","0","true"
"81","66.72309999995456","0","true"
"82","67.72309999995933","0","true"
"83","68.7230999999641","0","true"
"84","69.72309999996888","0","true"
"85","70.72309999997366","0","true"
"86","71.72309999997843","0","true"
"87","72.7230999999832","0","true"
"88","73.72309999998798","0","true"
"89","74.72309999999275","0","true"
"90","75.72309999999753","0","true"
"91","76.7231000000023","0","true"
"92","77.72310000000708","0","true"
"93","78.72310000001185","0","true"
"94","79.72310000001663","0","true"
"95","80.7231000000214","0","true"
"96","81.72310000002618","0","true"
"97","82.72310000003095","0","true"
"98","83.72310000003573","0","true"
"99","84.7231000000405","0","true"
"100","85.72310000004528","0","true"
"101","86.72310000005005","0","true"
"102","87.72310000005483","0","true"
"103","88.7231000000596","0","true"
"104","89.72310000006438","0","true"
"105","90.72310000006915","0","true"
"106","91.72310000007393","0","true"
"107","92.7231000000787","0","true"
"108","93.72310000008348","0","true"
"109","94.72310000008825","0","true"
"110","95.72310000009303","0","true"
"111","96.7231000000978","0","true"
"112","97.72310000010258","0","true"
"113","98.72310000010735","0","true"
"114","99.72310000011213","0","true"
"115","99.99910000011344","0","true"
"116","99.99910000011344","0","true"
"117","99.99910000011344","0","true"
"118","99.99910000011344","0","true"
"119","99.99910000011344","0","true"
"120","99.99910000011344","0","true"
"121","99.99910000011344","0","true"
"122","99.99910000011344","0","true"
"123","99.99910000011344","0","true"
"124","99.99910000011344","0","true"
"125","99.99910000011344","0","true"
"126","99.99910000011344","0","true"
"127","99.99910000011344","0","true"
"128","99.99910000011344","0","true"
"129","99.99910000011344","0","true"
"130","99.99910000011344","0","true"
"131","99.99910000011344","0","true"
"132","99.99910000011344","0","true"
"133","99.99910000011344","0","true"
"134","99.99910000011344","0","true"
"135","99.99910000011344","0","true"
"136","99.99910000011344","0","true"
"137","99.99910000011344","0","true"
"138","99.99910000011344","0","true"
"139","99.99910000011344","0","true"
"140","99.99910000011344","0","true"
"141","99.99910000011344","0","true"
"142","99.99910000011344","0","true"
"143","99.99910000011344","0","true"
"144","99.99910000011344","0","true"
"145","99.99910000011344","0","true"
"146","99.99910000011344","0","true"
"147","99.99910000011344","0","true"
"148","99.99910000011344","0","true"
"149","99.99910000011344","0","true"
"150","99.99910000011344","0","true"
"151","99.99910000011344","0","true"
"152","99.99910000011344","0","true"
"153","99.99910000011344","0","true"
"154","99.99910000011344","0","true"
"155","99.99910000011344","0","true"
"156","99.99910000011344","0","true"
"157","99.99910000011344","0","true"
"158","99.99910000011344","0","true"
"159","99.99910000011344","0","true"
"160","99.99910000011344","0","true"
"161","99.99910000011344","0","true"
"162","99.99910000011344","0","true"
"163","99.99910000011344","0","true"
"164","99.99910000011344","0","true"
"165","99.99910000011344","0","true"
"166","99.99910000011344","0","true"
"167","99.99910000011344","0","true"
"168","99.99910000011344","0","true"
"169","99.99910000011344","0","true"
"170","99.99910000011344","0","true"
"171","99.99910000011344","0","true"
"172","99.99910000011344","0","true"
"173","99.99910000011344","0","true"
"174","99.99910000011344","0","true"
"175","99.99910000011344","0","true"
"176","99.99910000011344","0","true"
"177","99.99910000011344","0","true"
"178","99.99910000011344","0","true"
"179","99.99910000011344","0","true"
"180","99.99910000011344","0","true"
"181","99.99910000011344","0","true"
"182","99.99910000011344","0","true"
"183","99.99910000011344","0","true"
"184","99.99910000011344","0","true"
"185","99.99910000011344","0","true"
"186","99.99910000011344","0","true"
"187","99.99910000011344","0","true"
"188","99.99910000011344","0","true"
"189","99.99910000011344","0","true"
"190","99.99910000011344","0","true"
"191","99.99910000011344","0","true"
"192","99.99910000011344","0","true"
"193","99.99910000011344","0","true"
"194","99.99910000011344","0","true"
"195","99.99910000011344","0","true"
"196","99.99910000011344","0","true"
"197","99.99910000011344","0","true"
"198","99.99910000011344","0","true"
"199","99.99910000011344","0","true"
"200","99.99910000011344","0","true"
"201","99.99910000011344","0","true"
"202","99.99910000011344","0","true"
"203","99.99910000011344","0","true"
"204","99.99910000011344","0","true"
"205","99.99910000011344","0","true"
"206","99.99910000011344","0","true"
"207","99.99910000011344","0","true"
"208","99.99910000011344","0","true"
"209","99.99910000011344","0","true"
"210","99.99910000011344","0","true"
"211","99.99910000011344","0","true"
"212","99.99910000011344","0","true"
"213","99.99910000011344","0","true"
"214","99.99910000011344","0","true"
"215","99.99910000011344","0","true"
"216","99.99910000011344","0","true"
"217","99.99910000011344","0","true"
"218","99.99910000011344","0","true"
"219","99.99910000011344","0","true"
"220","99.99910000011344","0","true"
"221","99.99910000011344","0","true"
"222","99.99910000011344","0","true"
"223","99.99910000011344","0","true"
"224","99.99910000011344","0","true"
"225","99.99910000011344","0","true"
"226","99.99910000011344","0","true"
"227","99.99910000011344","0","true"
"228","99.99910000011344","0","true"
"229","99.99910000011344","0","true"
"230","99.99910000011344","0","true"
"231","99.99910000011344","0","true"
"232","99.99910000011344","0","true"
"233","99.99910000011344","0","true"
"234","99.99910000011344","0","true"
"235","99.99910000011344","0","true"
"236","99.99910000011344","0","true"
"237","99.99910000011344","0","true"
"238","99.99910000011344","0","true"
"239","99.99910000011344","0","true"
"240","99.99910000011344","0","true"
"241","99.99910000011344","0","true"
"242","99.99910000011344","0","true"
"243","99.99910000011344","0","true"
"244","99.99910000011344","0","true"
"245","99.99910000011344","0","true"
"246","99.99910000011344","0","true"
"247","99.99910000011344","0","true"
"248","99.99910000011344","0","true"
"249","99.99910000011344","0","true"
"250","99.99910000011344","0","true"
"251","99.99910000011344","0","true"

"""probabilityUniversity2"""
"x min","x max","y min","y max","autoplot?","current pen","legend open?","number of pens"
"0","290","0","18","true","""default""","false","1"

"pen name","pen down?","mode","interval","color","x"
"""default""","true","0","1","0","251"

"""default"""
"x","y","color","pen down?"
"0","1.0E-4","0","true"
"1","1.0E-4","0","true"
"2","1.0E-4","0","true"
"3","1.0E-4","0","true"
"4","1.0E-4","0","true"
"5","2.0E-4","0","true"
"6","2.0E-4","0","true"
"7","3.0000000000000003E-4","0","true"
"8","3.0000000000000003E-4","0","true"
"9","3.0000000000000003E-4","0","true"
"10","5.0E-4","0","true"
"11","5.0E-4","0","true"
"12","6.000000000000001E-4","0","true"
"13","8.000000000000001E-4","0","true"
"14","9.000000000000002E-4","0","true"
"15","0.0011000000000000003","0","true"
"16","0.0012000000000000003","0","true"
"17","0.0014000000000000004","0","true"
"18","0.0015000000000000005","0","true"
"19","0.0015000000000000005","0","true"
"20","0.0018000000000000006","0","true"
"21","0.0018000000000000006","0","true"
"22","0.0020000000000000005","0","true"
"23","0.0022","0","true"
"24","0.0025999999999999994","0","true"
"25","0.002799999999999999","0","true"
"26","0.0029999999999999988","0","true"
"27","0.0032999999999999982","0","true"
"28","0.003499999999999998","0","true"
"29","0.0037999999999999974","0","true"
"30","0.004599999999999999","0","true"
"31","0.005","0","true"
"32","0.006000000000000003","0","true"
"33","0.007400000000000006","0","true"
"34","0.008600000000000003","0","true"
"35","0.009000000000000001","0","true"
"36","0.010099999999999994","0","true"
"37","0.011299999999999987","0","true"
"38","0.01239999999999998","0","true"
"39","0.013499999999999974","0","true"
"40","0.014999999999999965","0","true"
"41","0.016899999999999953","0","true"
"42","0.019399999999999938","0","true"
"43","0.021399999999999926","0","true"
"44","0.023699999999999912","0","true"
"45","0.025999999999999898","0","true"
"46","0.02909999999999988","0","true"
"47","0.03169999999999988","0","true"
"48","0.03449999999999996","0","true"
"49","0.03830000000000007","0","true"
"50","0.04220000000000018","0","true"
"51","0.046900000000000316","0","true"
"52","0.05200000000000046","0","true"
"53","0.05810000000000064","0","true"
"54","0.06310000000000078","0","true"
"55","0.06990000000000098","0","true"
"56","0.07750000000000119","0","true"
"57","0.08660000000000145","0","true"
"58","0.0950000000000017","0","true"
"59","0.105500000000002","0","true"
"60","0.11740000000000234","0","true"
"61","0.129900000000002","0","true"
"62","0.14410000000000045","0","true"
"63","0.15879999999999883","0","true"
"64","0.1736999999999972","0","true"
"65","0.19239999999999513","0","true"
"66","0.2088999999999933","0","true"
"67","0.23119999999999086","0","true"
"68","0.2559999999999881","0","true"
"69","0.2825999999999852","0","true"
"70","0.31289999999998186","0","true"
"71","0.34579999999997824","0","true"
"72","0.37929999999997455","0","true"
"73","0.42199999999996984","0","true"
"74","0.46809999999996477","0","true"
"75","0.5168999999999594","0","true"
"76","0.5716999999999534","0","true"
"77","0.6302999999999469","0","true"
"78","0.6946999999999398","0","true"
"79","0.7684999999999317","0","true"
"80","0.8479999999999229","0","true"
"81","0.9388999999999129","0","true"
"82","1.0368999999999022","0","true"
"83","1.1368999999998912","0","true"
"84","1.2368999999998802","0","true"
"85","1.3368999999998692","0","true"
"86","1.4368999999998582","0","true"
"87","1.5368999999998472","0","true"
"88","1.6368999999998362","0","true"
"89","1.7368999999998251","0","true"
"90","1.8368999999998141","0","true"
"91","1.9368999999998031","0","true"
"92","2.036899999999874","0","true"
"93","2.136900000000085","0","true"
"94","2.236900000000296","0","true"
"95","2.336900000000507","0","true"
"96","2.436900000000718","0","true"
"97","2.536900000000929","0","true"
"98","2.63690000000114","0","true"
"99","2.7369000000013513","0","true"
"100","2.8369000000015623","0","true"
"101","2.9369000000017733","0","true"
"102","3.0369000000019843","0","true"
"103","3.1369000000021954","0","true"
"104","3.2369000000024064","0","true"
"105","3.3369000000026174","0","true"
"106","3.4369000000028285","0","true"
"107","3.5369000000030395","0","true"
"108","3.6369000000032505","0","true"
"109","3.7369000000034616","0","true"
"110","3.8369000000036726","0","true"
"111","3.9369000000038836","0","true"
"112","4.03690000000393","0","true"
"113","4.136900000003697","0","true"
"114","4.236900000003464","0","true"
"115","4.336900000003231","0","true"
"116","4.436900000002998","0","true"
"117","4.536900000002765","0","true"
"118","4.636900000002532","0","true"
"119","4.736900000002299","0","true"
"120","4.836900000002066","0","true"
"121","4.936900000001833","0","true"
"122","5.0369000000016","0","true"
"123","5.136900000001367","0","true"
"124","5.236900000001134","0","true"
"125","5.336900000000901","0","true"
"126","5.4369000000006675","0","true"
"127","5.5369000000004345","0","true"
"128","5.636900000000201","0","true"
"129","5.736899999999968","0","true"
"130","5.836899999999735","0","true"
"131","5.936899999999502","0","true"
"132","6.036899999999269","0","true"
"133","6.136899999999036","0","true"
"134","6.236899999998803","0","true"
"135","6.33689999999857","0","true"
"136","6.436899999998337","0","true"
"137","6.536899999998104","0","true"
"138","6.636899999997871","0","true"
"139","6.736899999997638","0","true"
"140","6.836899999997405","0","true"
"141","6.936899999997172","0","true"
"142","7.036899999996939","0","true"
"143","7.1368999999967055","0","true"
"144","7.2368999999964725","0","true"
"145","7.336899999996239","0","true"
"146","7.436899999996006","0","true"
"147","7.536899999995773","0","true"
"148","7.63689999999554","0","true"
"149","7.736899999995307","0","true"
"150","7.836899999995074","0","true"
"151","7.936899999994841","0","true"
"152","8.036899999994608","0","true"
"153","8.136899999994375","0","true"
"154","8.236899999994142","0","true"
"155","8.336899999993909","0","true"
"156","8.436899999993676","0","true"
"157","8.536899999993443","0","true"
"158","8.63689999999321","0","true"
"159","8.736899999992977","0","true"
"160","8.836899999992744","0","true"
"161","8.93689999999251","0","true"
"162","9.036899999992277","0","true"
"163","9.136899999992044","0","true"
"164","9.236899999991811","0","true"
"165","9.336899999991578","0","true"
"166","9.436899999991345","0","true"
"167","9.536899999991112","0","true"
"168","9.636899999990879","0","true"
"169","9.736899999990646","0","true"
"170","9.836899999990413","0","true"
"171","9.93689999999018","0","true"
"172","10.036899999989947","0","true"
"173","10.136899999989714","0","true"
"174","10.23689999998948","0","true"
"175","10.336899999989248","0","true"
"176","10.436899999989015","0","true"
"177","10.536899999988782","0","true"
"178","10.636899999988549","0","true"
"179","10.736899999988315","0","true"
"180","10.836899999988082","0","true"
"181","10.93689999998785","0","true"
"182","11.036899999987616","0","true"
"183","11.136899999987383","0","true"
"184","11.23689999998715","0","true"
"185","11.336899999986917","0","true"
"186","11.436899999986684","0","true"
"187","11.536899999986451","0","true"
"188","11.636899999986218","0","true"
"189","11.736899999985985","0","true"
"190","11.836899999985752","0","true"
"191","11.936899999985519","0","true"
"192","12.036899999985286","0","true"
"193","12.136899999985053","0","true"
"194","12.23689999998482","0","true"
"195","12.336899999984587","0","true"
"196","12.436899999984353","0","true"
"197","12.53689999998412","0","true"
"198","12.636899999983887","0","true"
"199","12.736899999983654","0","true"
"200","12.836899999983421","0","true"
"201","12.936899999983188","0","true"
"202","13.036899999982955","0","true"
"203","13.136899999982722","0","true"
"204","13.236899999982489","0","true"
"205","13.336899999982256","0","true"
"206","13.436899999982023","0","true"
"207","13.53689999998179","0","true"
"208","13.636899999981557","0","true"
"209","13.736899999981324","0","true"
"210","13.83689999998109","0","true"
"211","13.936899999980858","0","true"
"212","14.036899999980625","0","true"
"213","14.136899999980391","0","true"
"214","14.236899999980158","0","true"
"215","14.336899999979925","0","true"
"216","14.436899999979692","0","true"
"217","14.53689999997946","0","true"
"218","14.636899999979226","0","true"
"219","14.736899999978993","0","true"
"220","14.83689999997876","0","true"
"221","14.936899999978527","0","true"
"222","15.036899999978294","0","true"
"223","15.136899999978061","0","true"
"224","15.236899999977828","0","true"
"225","15.336899999977595","0","true"
"226","15.436899999977362","0","true"
"227","15.536899999977129","0","true"
"228","15.636899999976896","0","true"
"229","15.736899999976663","0","true"
"230","15.83689999997643","0","true"
"231","15.936899999976196","0","true"
"232","16.036899999975965","0","true"
"233","16.136899999975732","0","true"
"234","16.2368999999755","0","true"
"235","16.336899999975266","0","true"
"236","16.436899999975033","0","true"
"237","16.5368999999748","0","true"
"238","16.636899999974567","0","true"
"239","16.736899999974334","0","true"
"240","16.8368999999741","0","true"
"241","16.936899999973868","0","true"
"242","17.036899999973635","0","true"
"243","17.1368999999734","0","true"
"244","17.23689999997317","0","true"
"245","17.336899999972935","0","true"
"246","17.436899999972702","0","true"
"247","17.53689999997247","0","true"
"248","17.636899999972236","0","true"
"249","17.736899999972003","0","true"
"250","17.83689999997177","0","true"
"251","17.936899999971537","0","true"

"""probabilityUniversity3"""
"x min","x max","y min","y max","autoplot?","current pen","legend open?","number of pens"
"0","290","0","10","true","""default""","false","1"

"pen name","pen down?","mode","interval","color","x"
"""default""","true","0","1","0","251"

"""default"""
"x","y","color","pen down?"
"0","1.0E-4","0","true"
"1","1.2E-4","0","true"
"2","1.2E-4","0","true"
"3","1.2E-4","0","true"
"4","1.2E-4","0","true"
"5","1.2E-4","0","true"
"6","1.2E-4","0","true"
"7","1.2E-4","0","true"
"8","1.2E-4","0","true"
"9","1.2E-4","0","true"
"10","1.2E-4","0","true"
"11","1.3000000000000002E-4","0","true"
"12","1.3000000000000002E-4","0","true"
"13","1.3000000000000002E-4","0","true"
"14","1.3000000000000002E-4","0","true"
"15","1.3000000000000002E-4","0","true"
"16","1.3000000000000002E-4","0","true"
"17","1.3000000000000002E-4","0","true"
"18","1.3000000000000002E-4","0","true"
"19","1.3000000000000002E-4","0","true"
"20","1.3000000000000002E-4","0","true"
"21","1.3000000000000002E-4","0","true"
"22","1.3000000000000002E-4","0","true"
"23","1.3000000000000002E-4","0","true"
"24","1.3000000000000002E-4","0","true"
"25","1.3000000000000002E-4","0","true"
"26","1.3000000000000002E-4","0","true"
"27","1.4000000000000001E-4","0","true"
"28","1.4000000000000001E-4","0","true"
"29","1.4000000000000001E-4","0","true"
"30","1.4000000000000001E-4","0","true"
"31","1.5000000000000001E-4","0","true"
"32","1.5000000000000001E-4","0","true"
"33","1.5000000000000001E-4","0","true"
"34","1.5000000000000001E-4","0","true"
"35","1.5000000000000001E-4","0","true"
"36","1.6E-4","0","true"
"37","1.6E-4","0","true"
"38","1.6E-4","0","true"
"39","1.6E-4","0","true"
"40","1.6E-4","0","true"
"41","1.6E-4","0","true"
"42","1.8E-4","0","true"
"43","1.9E-4","0","true"
"44","1.9E-4","0","true"
"45","1.9E-4","0","true"
"46","1.9E-4","0","true"
"47","1.9E-4","0","true"
"48","1.9E-4","0","true"
"49","2.1E-4","0","true"
"50","2.2E-4","0","true"
"51","2.2E-4","0","true"
"52","2.2E-4","0","true"
"53","2.2E-4","0","true"
"54","2.2E-4","0","true"
"55","2.2E-4","0","true"
"56","2.2E-4","0","true"
"57","2.2E-4","0","true"
"58","2.3E-4","0","true"
"59","2.4E-4","0","true"
"60","2.4E-4","0","true"
"61","2.4E-4","0","true"
"62","2.5E-4","0","true"
"63","2.5E-4","0","true"
"64","2.5E-4","0","true"
"65","2.5E-4","0","true"
"66","2.6000000000000003E-4","0","true"
"67","2.7000000000000006E-4","0","true"
"68","2.800000000000001E-4","0","true"
"69","2.900000000000001E-4","0","true"
"70","2.900000000000001E-4","0","true"
"71","2.900000000000001E-4","0","true"
"72","2.900000000000001E-4","0","true"
"73","2.900000000000001E-4","0","true"
"74","2.900000000000001E-4","0","true"
"75","2.900000000000001E-4","0","true"
"76","2.900000000000001E-4","0","true"
"77","2.900000000000001E-4","0","true"
"78","2.900000000000001E-4","0","true"
"79","2.900000000000001E-4","0","true"
"80","2.900000000000001E-4","0","true"
"81","3.0000000000000014E-4","0","true"
"82","3.0000000000000014E-4","0","true"
"83","3.0000000000000014E-4","0","true"
"84","3.1000000000000016E-4","0","true"
"85","3.300000000000002E-4","0","true"
"86","3.4000000000000024E-4","0","true"
"87","3.5000000000000027E-4","0","true"
"88","3.600000000000003E-4","0","true"
"89","3.700000000000003E-4","0","true"
"90","3.700000000000003E-4","0","true"
"91","3.700000000000003E-4","0","true"
"92","3.8000000000000035E-4","0","true"
"93","3.8000000000000035E-4","0","true"
"94","3.8000000000000035E-4","0","true"
"95","3.9000000000000037E-4","0","true"
"96","3.9000000000000037E-4","0","true"
"97","3.9000000000000037E-4","0","true"
"98","3.9000000000000037E-4","0","true"
"99","3.9000000000000037E-4","0","true"
"100","3.9000000000000037E-4","0","true"
"101","3.9000000000000037E-4","0","true"
"102","3.9000000000000037E-4","0","true"
"103","3.9000000000000037E-4","0","true"
"104","3.9000000000000037E-4","0","true"
"105","3.9000000000000037E-4","0","true"
"106","3.9000000000000037E-4","0","true"
"107","3.9000000000000037E-4","0","true"
"108","3.9000000000000037E-4","0","true"
"109","3.9000000000000037E-4","0","true"
"110","3.9000000000000037E-4","0","true"
"111","3.9000000000000037E-4","0","true"
"112","4.100000000000004E-4","0","true"
"113","4.100000000000004E-4","0","true"
"114","4.100000000000004E-4","0","true"
"115","4.100000000000004E-4","0","true"
"116","4.100000000000004E-4","0","true"
"117","4.100000000000004E-4","0","true"
"118","4.2000000000000045E-4","0","true"
"119","4.2000000000000045E-4","0","true"
"120","4.300000000000005E-4","0","true"
"121","4.300000000000005E-4","0","true"
"122","4.300000000000005E-4","0","true"
"123","4.5000000000000053E-4","0","true"
"124","4.5000000000000053E-4","0","true"
"125","4.5000000000000053E-4","0","true"
"126","4.5000000000000053E-4","0","true"
"127","4.5000000000000053E-4","0","true"
"128","4.6000000000000056E-4","0","true"
"129","4.700000000000006E-4","0","true"
"130","4.900000000000006E-4","0","true"
"131","5.000000000000007E-4","0","true"
"132","5.000000000000007E-4","0","true"
"133","5.100000000000007E-4","0","true"
"134","5.100000000000007E-4","0","true"
"135","5.100000000000007E-4","0","true"
"136","5.200000000000007E-4","0","true"
"137","5.400000000000008E-4","0","true"
"138","5.400000000000008E-4","0","true"
"139","5.400000000000008E-4","0","true"
"140","5.400000000000008E-4","0","true"
"141","5.400000000000008E-4","0","true"
"142","5.400000000000008E-4","0","true"
"143","5.400000000000008E-4","0","true"
"144","5.400000000000008E-4","0","true"
"145","5.400000000000008E-4","0","true"
"146","5.500000000000008E-4","0","true"
"147","5.600000000000008E-4","0","true"
"148","5.600000000000008E-4","0","true"
"149","5.600000000000008E-4","0","true"
"150","5.600000000000008E-4","0","true"
"151","5.800000000000009E-4","0","true"
"152","5.800000000000009E-4","0","true"
"153","5.800000000000009E-4","0","true"
"154","5.800000000000009E-4","0","true"
"155","5.800000000000009E-4","0","true"
"156","5.800000000000009E-4","0","true"
"157","5.800000000000009E-4","0","true"
"158","5.900000000000009E-4","0","true"
"159","6.000000000000009E-4","0","true"
"160","6.10000000000001E-4","0","true"
"161","6.10000000000001E-4","0","true"
"162","6.10000000000001E-4","0","true"
"163","6.10000000000001E-4","0","true"
"164","6.10000000000001E-4","0","true"
"165","6.20000000000001E-4","0","true"
"166","6.30000000000001E-4","0","true"
"167","6.40000000000001E-4","0","true"
"168","6.40000000000001E-4","0","true"
"169","6.40000000000001E-4","0","true"
"170","6.40000000000001E-4","0","true"
"171","6.40000000000001E-4","0","true"
"172","6.600000000000011E-4","0","true"
"173","6.600000000000011E-4","0","true"
"174","6.700000000000011E-4","0","true"
"175","6.700000000000011E-4","0","true"
"176","6.800000000000011E-4","0","true"
"177","6.800000000000011E-4","0","true"
"178","6.900000000000012E-4","0","true"
"179","6.900000000000012E-4","0","true"
"180","7.100000000000012E-4","0","true"
"181","7.100000000000012E-4","0","true"
"182","7.100000000000012E-4","0","true"
"183","7.100000000000012E-4","0","true"
"184","7.200000000000012E-4","0","true"
"185","7.400000000000013E-4","0","true"
"186","7.400000000000013E-4","0","true"
"187","7.500000000000013E-4","0","true"
"188","7.600000000000013E-4","0","true"
"189","7.800000000000014E-4","0","true"
"190","8.000000000000014E-4","0","true"
"191","8.000000000000014E-4","0","true"
"192","8.000000000000014E-4","0","true"
"193","8.200000000000015E-4","0","true"
"194","8.400000000000016E-4","0","true"
"195","8.400000000000016E-4","0","true"
"196","8.500000000000016E-4","0","true"
"197","8.500000000000016E-4","0","true"
"198","8.600000000000016E-4","0","true"
"199","8.600000000000016E-4","0","true"
"200","8.600000000000016E-4","0","true"
"201","8.700000000000016E-4","0","true"
"202","8.800000000000017E-4","0","true"
"203","8.900000000000017E-4","0","true"
"204","9.000000000000017E-4","0","true"
"205","9.200000000000018E-4","0","true"
"206","9.700000000000019E-4","0","true"
"207","0.001000000000000002","0","true"
"208","0.001020000000000002","0","true"
"209","0.001030000000000002","0","true"
"210","0.001040000000000002","0","true"
"211","0.0010600000000000021","0","true"
"212","0.0010700000000000022","0","true"
"213","0.0010900000000000022","0","true"
"214","0.0010900000000000022","0","true"
"215","0.0011000000000000022","0","true"
"216","0.0011200000000000023","0","true"
"217","0.0011600000000000024","0","true"
"218","0.0011700000000000024","0","true"
"219","0.0011900000000000025","0","true"
"220","0.0012200000000000025","0","true"
"221","0.0012200000000000025","0","true"
"222","0.0012300000000000026","0","true"
"223","0.0012300000000000026","0","true"
"224","0.0012400000000000026","0","true"
"225","0.0012400000000000026","0","true"
"226","0.0012500000000000026","0","true"
"227","0.0012600000000000027","0","true"
"228","0.0012700000000000027","0","true"
"229","0.0012800000000000027","0","true"
"230","0.0013100000000000028","0","true"
"231","0.0013100000000000028","0","true"
"232","0.0013300000000000028","0","true"
"233","0.0013300000000000028","0","true"
"234","0.0013400000000000029","0","true"
"235","0.0013500000000000029","0","true"
"236","0.0013500000000000029","0","true"
"237","0.0013500000000000029","0","true"
"238","0.001370000000000003","0","true"
"239","0.001390000000000003","0","true"
"240","0.001410000000000003","0","true"
"241","0.001430000000000003","0","true"
"242","0.0014600000000000032","0","true"
"243","0.0014700000000000032","0","true"
"244","0.0014800000000000032","0","true"
"245","0.0014900000000000033","0","true"
"246","0.0014900000000000033","0","true"
"247","0.0015200000000000033","0","true"
"248","0.0015300000000000034","0","true"
"249","0.0015400000000000034","0","true"
"250","0.0015600000000000034","0","true"
"251","0.0015700000000000035","0","true"

"""probabilityUniversity4"""
"x min","x max","y min","y max","autoplot?","current pen","legend open?","number of pens"
"0","290","0","10","true","""default""","false","1"

"pen name","pen down?","mode","interval","color","x"
"""default""","true","0","1","0","251"

"""default"""
"x","y","color","pen down?"
"0","1.0E-4","0","true"
"1","1.0E-4","0","true"
"2","1.0E-4","0","true"
"3","1.0E-4","0","true"
"4","1.0E-4","0","true"
"5","1.0E-4","0","true"
"6","1.0E-4","0","true"
"7","1.0E-4","0","true"
"8","1.0E-4","0","true"
"9","1.0E-4","0","true"
"10","1.0E-4","0","true"
"11","1.0E-4","0","true"
"12","1.0E-4","0","true"
"13","1.0E-4","0","true"
"14","1.0E-4","0","true"
"15","1.0E-4","0","true"
"16","1.0E-4","0","true"
"17","1.0E-4","0","true"
"18","1.0E-4","0","true"
"19","1.0E-4","0","true"
"20","1.0E-4","0","true"
"21","1.0E-4","0","true"
"22","1.0E-4","0","true"
"23","1.0E-4","0","true"
"24","1.0E-4","0","true"
"25","1.0E-4","0","true"
"26","1.0E-4","0","true"
"27","1.0E-4","0","true"
"28","1.0E-4","0","true"
"29","1.0E-4","0","true"
"30","1.0E-4","0","true"
"31","1.0E-4","0","true"
"32","1.0E-4","0","true"
"33","1.0E-4","0","true"
"34","1.0E-4","0","true"
"35","1.0E-4","0","true"
"36","1.0E-4","0","true"
"37","1.0E-4","0","true"
"38","1.0E-4","0","true"
"39","1.0E-4","0","true"
"40","1.0E-4","0","true"
"41","1.0E-4","0","true"
"42","1.0E-4","0","true"
"43","1.0E-4","0","true"
"44","1.0E-4","0","true"
"45","1.0E-4","0","true"
"46","1.0E-4","0","true"
"47","1.0E-4","0","true"
"48","1.0E-4","0","true"
"49","1.0E-4","0","true"
"50","1.0E-4","0","true"
"51","1.0E-4","0","true"
"52","1.0E-4","0","true"
"53","1.0E-4","0","true"
"54","1.0E-4","0","true"
"55","1.0E-4","0","true"
"56","1.0E-4","0","true"
"57","1.0E-4","0","true"
"58","1.0E-4","0","true"
"59","1.0E-4","0","true"
"60","1.0E-4","0","true"
"61","1.0E-4","0","true"
"62","1.0E-4","0","true"
"63","1.0E-4","0","true"
"64","1.0E-4","0","true"
"65","1.0E-4","0","true"
"66","1.0E-4","0","true"
"67","1.0E-4","0","true"
"68","1.0E-4","0","true"
"69","1.0E-4","0","true"
"70","1.0E-4","0","true"
"71","1.0E-4","0","true"
"72","1.0E-4","0","true"
"73","1.0E-4","0","true"
"74","1.0E-4","0","true"
"75","1.0E-4","0","true"
"76","1.0E-4","0","true"
"77","1.0E-4","0","true"
"78","1.0E-4","0","true"
"79","1.0E-4","0","true"
"80","1.0E-4","0","true"
"81","1.0E-4","0","true"
"82","1.0E-4","0","true"
"83","1.0E-4","0","true"
"84","1.0E-4","0","true"
"85","1.0E-4","0","true"
"86","1.0E-4","0","true"
"87","1.0E-4","0","true"
"88","1.0E-4","0","true"
"89","1.0E-4","0","true"
"90","1.0E-4","0","true"
"91","1.0E-4","0","true"
"92","1.0E-4","0","true"
"93","1.0E-4","0","true"
"94","1.0E-4","0","true"
"95","1.0E-4","0","true"
"96","1.0E-4","0","true"
"97","1.0E-4","0","true"
"98","1.0E-4","0","true"
"99","1.0E-4","0","true"
"100","1.0E-4","0","true"
"101","1.0E-4","0","true"
"102","1.0E-4","0","true"
"103","1.0E-4","0","true"
"104","1.0E-4","0","true"
"105","1.0E-4","0","true"
"106","1.0E-4","0","true"
"107","1.0E-4","0","true"
"108","1.0E-4","0","true"
"109","1.0E-4","0","true"
"110","1.0E-4","0","true"
"111","1.0E-4","0","true"
"112","1.0E-4","0","true"
"113","1.0E-4","0","true"
"114","1.0E-4","0","true"
"115","1.0E-4","0","true"
"116","1.0E-4","0","true"
"117","1.0E-4","0","true"
"118","1.0E-4","0","true"
"119","1.0E-4","0","true"
"120","1.0E-4","0","true"
"121","1.0E-4","0","true"
"122","1.0E-4","0","true"
"123","1.0E-4","0","true"
"124","1.0E-4","0","true"
"125","1.0E-4","0","true"
"126","1.0E-4","0","true"
"127","1.0E-4","0","true"
"128","1.0E-4","0","true"
"129","1.0E-4","0","true"
"130","1.0E-4","0","true"
"131","1.0E-4","0","true"
"132","1.0E-4","0","true"
"133","1.0E-4","0","true"
"134","1.0E-4","0","true"
"135","1.0E-4","0","true"
"136","1.0E-4","0","true"
"137","1.0E-4","0","true"
"138","1.0E-4","0","true"
"139","1.0E-4","0","true"
"140","1.0E-4","0","true"
"141","1.0E-4","0","true"
"142","1.0E-4","0","true"
"143","1.0E-4","0","true"
"144","1.0E-4","0","true"
"145","1.0E-4","0","true"
"146","1.0E-4","0","true"
"147","1.0E-4","0","true"
"148","1.0E-4","0","true"
"149","1.0E-4","0","true"
"150","1.0E-4","0","true"
"151","1.0E-4","0","true"
"152","1.0E-4","0","true"
"153","1.0E-4","0","true"
"154","1.0E-4","0","true"
"155","1.0E-4","0","true"
"156","1.0E-4","0","true"
"157","1.0E-4","0","true"
"158","1.0E-4","0","true"
"159","1.0E-4","0","true"
"160","1.0E-4","0","true"
"161","1.0E-4","0","true"
"162","1.0E-4","0","true"
"163","1.0E-4","0","true"
"164","1.0E-4","0","true"
"165","1.0E-4","0","true"
"166","1.0E-4","0","true"
"167","1.0E-4","0","true"
"168","1.0E-4","0","true"
"169","1.0E-4","0","true"
"170","1.0E-4","0","true"
"171","1.0E-4","0","true"
"172","1.0E-4","0","true"
"173","1.0E-4","0","true"
"174","1.0E-4","0","true"
"175","1.0E-4","0","true"
"176","1.0E-4","0","true"
"177","1.0E-4","0","true"
"178","1.0E-4","0","true"
"179","1.0E-4","0","true"
"180","1.0E-4","0","true"
"181","1.0E-4","0","true"
"182","1.0E-4","0","true"
"183","1.0E-4","0","true"
"184","1.0E-4","0","true"
"185","1.0E-4","0","true"
"186","1.0E-4","0","true"
"187","1.0E-4","0","true"
"188","1.0E-4","0","true"
"189","1.0E-4","0","true"
"190","1.0E-4","0","true"
"191","1.0E-4","0","true"
"192","1.0E-4","0","true"
"193","1.0E-4","0","true"
"194","1.0E-4","0","true"
"195","1.0E-4","0","true"
"196","1.0E-4","0","true"
"197","1.0E-4","0","true"
"198","1.0E-4","0","true"
"199","1.0E-4","0","true"
"200","1.0E-4","0","true"
"201","1.0E-4","0","true"
"202","1.0E-4","0","true"
"203","1.0E-4","0","true"
"204","1.0E-4","0","true"
"205","1.0E-4","0","true"
"206","1.0E-4","0","true"
"207","1.0E-4","0","true"
"208","1.0E-4","0","true"
"209","1.0E-4","0","true"
"210","1.0E-4","0","true"
"211","1.0E-4","0","true"
"212","1.0E-4","0","true"
"213","1.0E-4","0","true"
"214","1.0E-4","0","true"
"215","1.0E-4","0","true"
"216","1.0E-4","0","true"
"217","1.0E-4","0","true"
"218","1.0E-4","0","true"
"219","1.0E-4","0","true"
"220","1.0E-4","0","true"
"221","1.0E-4","0","true"
"222","1.0E-4","0","true"
"223","1.0E-4","0","true"
"224","1.0E-4","0","true"
"225","1.0E-4","0","true"
"226","1.0E-4","0","true"
"227","1.0E-4","0","true"
"228","1.0E-4","0","true"
"229","1.0E-4","0","true"
"230","1.0E-4","0","true"
"231","1.0E-4","0","true"
"232","1.0E-4","0","true"
"233","1.0E-4","0","true"
"234","1.0E-4","0","true"
"235","1.0E-4","0","true"
"236","1.0E-4","0","true"
"237","1.0E-4","0","true"
"238","1.0E-4","0","true"
"239","1.0E-4","0","true"
"240","1.0E-4","0","true"
"241","1.0E-4","0","true"
"242","1.0E-4","0","true"
"243","1.0E-4","0","true"
"244","1.0E-4","0","true"
"245","1.0E-4","0","true"
"246","1.0E-4","0","true"
"247","1.0E-4","0","true"
"248","1.0E-4","0","true"
"249","1.0E-4","0","true"
"250","1.0E-4","0","true"
"251","1.0E-4","0","true"

"""probabilityUniversity5"""
"x min","x max","y min","y max","autoplot?","current pen","legend open?","number of pens"
"0","290","0","16.7","true","""default""","false","1"

"pen name","pen down?","mode","interval","color","x"
"""default""","true","0","1","0","251"

"""default"""
"x","y","color","pen down?"
"0","1.0E-4","0","true"
"1","1.0E-4","0","true"
"2","1.0E-4","0","true"
"3","1.0E-4","0","true"
"4","1.0E-4","0","true"
"5","1.0E-4","0","true"
"6","1.0E-4","0","true"
"7","1.0E-4","0","true"
"8","1.0E-4","0","true"
"9","1.0E-4","0","true"
"10","1.0E-4","0","true"
"11","1.0E-4","0","true"
"12","1.0E-4","0","true"
"13","1.0E-4","0","true"
"14","1.0E-4","0","true"
"15","1.0E-4","0","true"
"16","1.0E-4","0","true"
"17","1.0E-4","0","true"
"18","1.0E-4","0","true"
"19","1.0E-4","0","true"
"20","1.0E-4","0","true"
"21","1.0E-4","0","true"
"22","1.0E-4","0","true"
"23","1.0E-4","0","true"
"24","1.0E-4","0","true"
"25","1.0E-4","0","true"
"26","1.0E-4","0","true"
"27","1.0E-4","0","true"
"28","1.0E-4","0","true"
"29","1.0E-4","0","true"
"30","1.0E-4","0","true"
"31","1.0E-4","0","true"
"32","1.0E-4","0","true"
"33","1.0E-4","0","true"
"34","1.0E-4","0","true"
"35","1.0E-4","0","true"
"36","1.0E-4","0","true"
"37","1.0E-4","0","true"
"38","1.0E-4","0","true"
"39","1.0E-4","0","true"
"40","1.0E-4","0","true"
"41","1.0E-4","0","true"
"42","0.0011","0","true"
"43","0.0011","0","true"
"44","0.0021000000000000003","0","true"
"45","0.0021000000000000003","0","true"
"46","0.0021000000000000003","0","true"
"47","0.0021000000000000003","0","true"
"48","0.0031000000000000003","0","true"
"49","0.0041","0","true"
"50","0.0041","0","true"
"51","0.0041","0","true"
"52","0.0041","0","true"
"53","0.0041","0","true"
"54","0.0071","0","true"
"55","0.0071","0","true"
"56","0.0081","0","true"
"57","0.010100000000000001","0","true"
"58","0.011100000000000002","0","true"
"59","0.012100000000000003","0","true"
"60","0.013100000000000004","0","true"
"61","0.014100000000000005","0","true"
"62","0.015100000000000006","0","true"
"63","0.016100000000000007","0","true"
"64","0.017100000000000008","0","true"
"65","0.02010000000000001","0","true"
"66","0.022100000000000012","0","true"
"67","0.024100000000000014","0","true"
"68","0.025100000000000015","0","true"
"69","0.027100000000000016","0","true"
"70","0.029100000000000018","0","true"
"71","0.03210000000000002","0","true"
"72","0.03710000000000002","0","true"
"73","0.040100000000000025","0","true"
"74","0.04310000000000003","0","true"
"75","0.04810000000000003","0","true"
"76","0.04910000000000003","0","true"
"77","0.052100000000000035","0","true"
"78","0.053100000000000036","0","true"
"79","0.05610000000000004","0","true"
"80","0.06010000000000004","0","true"
"81","0.06810000000000005","0","true"
"82","0.07310000000000005","0","true"
"83","0.08310000000000006","0","true"
"84","0.08510000000000006","0","true"
"85","0.09210000000000007","0","true"
"86","0.10010000000000008","0","true"
"87","0.11010000000000009","0","true"
"88","0.1221000000000001","0","true"
"89","0.1371000000000001","0","true"
"90","0.15210000000000012","0","true"
"91","0.17610000000000015","0","true"
"92","0.20010000000000017","0","true"
"93","0.22110000000000019","0","true"
"94","0.2461000000000002","0","true"
"95","0.26910000000000023","0","true"
"96","0.30010000000000026","0","true"
"97","0.3311000000000003","0","true"
"98","0.3631000000000003","0","true"
"99","0.40310000000000035","0","true"
"100","0.4471000000000004","0","true"
"101","0.4901000000000004","0","true"
"102","0.5321000000000005","0","true"
"103","0.6011000000000005","0","true"
"104","0.6621000000000006","0","true"
"105","0.7291000000000006","0","true"
"106","0.8041000000000007","0","true"
"107","0.8941000000000008","0","true"
"108","0.9861000000000009","0","true"
"109","1.0860999999999914","0","true"
"110","1.1860999999999804","0","true"
"111","1.2860999999999694","0","true"
"112","1.3860999999999584","0","true"
"113","1.4860999999999474","0","true"
"114","1.5860999999999363","0","true"
"115","1.6860999999999253","0","true"
"116","1.7860999999999143","0","true"
"117","1.8860999999999033","0","true"
"118","1.9860999999998923","0","true"
"119","2.0860999999998815","0","true"
"120","2.1860999999998705","0","true"
"121","2.2860999999998595","0","true"
"122","2.3860999999998485","0","true"
"123","2.4860999999998374","0","true"
"124","2.5860999999998264","0","true"
"125","2.6860999999998154","0","true"
"126","2.7860999999998044","0","true"
"127","2.8860999999997934","0","true"
"128","2.9860999999997824","0","true"
"129","3.0860999999997714","0","true"
"130","3.1860999999997603","0","true"
"131","3.2860999999997493","0","true"
"132","3.3860999999997383","0","true"
"133","3.4860999999997273","0","true"
"134","3.5860999999997163","0","true"
"135","3.6860999999997053","0","true"
"136","3.7860999999996943","0","true"
"137","3.8860999999996833","0","true"
"138","3.9860999999996722","0","true"
"139","4.0860999999997","0","true"
"140","4.186099999999733","0","true"
"141","4.286099999999767","0","true"
"142","4.3860999999998","0","true"
"143","4.486099999999833","0","true"
"144","4.586099999999867","0","true"
"145","4.6860999999999","0","true"
"146","4.786099999999934","0","true"
"147","4.886099999999967","0","true"
"148","4.9861","0","true"
"149","5.086100000000034","0","true"
"150","5.186100000000067","0","true"
"151","5.286100000000101","0","true"
"152","5.386100000000134","0","true"
"153","5.486100000000167","0","true"
"154","5.586100000000201","0","true"
"155","5.686100000000234","0","true"
"156","5.786100000000268","0","true"
"157","5.886100000000301","0","true"
"158","5.986100000000334","0","true"
"159","6.086100000000368","0","true"
"160","6.186100000000401","0","true"
"161","6.286100000000435","0","true"
"162","6.386100000000468","0","true"
"163","6.486100000000501","0","true"
"164","6.586100000000535","0","true"
"165","6.686100000000568","0","true"
"166","6.7861000000006015","0","true"
"167","6.886100000000635","0","true"
"168","6.986100000000668","0","true"
"169","7.086100000000702","0","true"
"170","7.186100000000735","0","true"
"171","7.2861000000007685","0","true"
"172","7.386100000000802","0","true"
"173","7.486100000000835","0","true"
"174","7.586100000000869","0","true"
"175","7.686100000000902","0","true"
"176","7.7861000000009355","0","true"
"177","7.886100000000969","0","true"
"178","7.986100000001002","0","true"
"179","8.08610000000096","0","true"
"180","8.186100000000904","0","true"
"181","8.286100000000848","0","true"
"182","8.386100000000793","0","true"
"183","8.486100000000738","0","true"
"184","8.586100000000682","0","true"
"185","8.686100000000627","0","true"
"186","8.786100000000571","0","true"
"187","8.886100000000516","0","true"
"188","8.98610000000046","0","true"
"189","9.086100000000405","0","true"
"190","9.18610000000035","0","true"
"191","9.286100000000294","0","true"
"192","9.386100000000239","0","true"
"193","9.486100000000183","0","true"
"194","9.586100000000128","0","true"
"195","9.686100000000073","0","true"
"196","9.786100000000017","0","true"
"197","9.886099999999962","0","true"
"198","9.986099999999906","0","true"
"199","10.08609999999985","0","true"
"200","10.186099999999795","0","true"
"201","10.28609999999974","0","true"
"202","10.386099999999685","0","true"
"203","10.48609999999963","0","true"
"204","10.586099999999574","0","true"
"205","10.686099999999518","0","true"
"206","10.786099999999463","0","true"
"207","10.886099999999407","0","true"
"208","10.986099999999352","0","true"
"209","11.086099999999297","0","true"
"210","11.186099999999241","0","true"
"211","11.286099999999186","0","true"
"212","11.38609999999913","0","true"
"213","11.486099999999075","0","true"
"214","11.58609999999902","0","true"
"215","11.686099999998964","0","true"
"216","11.786099999998909","0","true"
"217","11.886099999998853","0","true"
"218","11.986099999998798","0","true"
"219","12.086099999998742","0","true"
"220","12.186099999998687","0","true"
"221","12.286099999998632","0","true"
"222","12.386099999998576","0","true"
"223","12.48609999999852","0","true"
"224","12.586099999998465","0","true"
"225","12.68609999999841","0","true"
"226","12.786099999998354","0","true"
"227","12.886099999998299","0","true"
"228","12.986099999998244","0","true"
"229","13.086099999998188","0","true"
"230","13.186099999998133","0","true"
"231","13.286099999998077","0","true"
"232","13.386099999998022","0","true"
"233","13.486099999997966","0","true"
"234","13.586099999997911","0","true"
"235","13.686099999997856","0","true"
"236","13.7860999999978","0","true"
"237","13.886099999997745","0","true"
"238","13.98609999999769","0","true"
"239","14.086099999997634","0","true"
"240","14.186099999997579","0","true"
"241","14.286099999997523","0","true"
"242","14.386099999997468","0","true"
"243","14.486099999997412","0","true"
"244","14.586099999997357","0","true"
"245","14.686099999997301","0","true"
"246","14.786099999997246","0","true"
"247","14.88609999999719","0","true"
"248","14.986099999997135","0","true"
"249","15.08609999999708","0","true"
"250","15.186099999997024","0","true"
"251","15.286099999996969","0","true"

"""probabilityUniversity6"""
"x min","x max","y min","y max","autoplot?","current pen","legend open?","number of pens"
"0","290","0","10","true","""default""","false","1"

"pen name","pen down?","mode","interval","color","x"
"""default""","true","0","1","0","251"

"""default"""
"x","y","color","pen down?"
"0","1.0E-4","0","true"
"1","1.0E-4","0","true"
"2","1.0E-4","0","true"
"3","1.0E-4","0","true"
"4","1.0E-4","0","true"
"5","1.0E-4","0","true"
"6","1.0E-4","0","true"
"7","1.0E-4","0","true"
"8","1.0E-4","0","true"
"9","1.0E-4","0","true"
"10","1.0E-4","0","true"
"11","1.0E-4","0","true"
"12","1.0E-4","0","true"
"13","1.0E-4","0","true"
"14","1.0E-4","0","true"
"15","1.0E-4","0","true"
"16","1.0E-4","0","true"
"17","1.0E-4","0","true"
"18","1.0E-4","0","true"
"19","1.0E-4","0","true"
"20","1.0E-4","0","true"
"21","1.0E-4","0","true"
"22","1.0E-4","0","true"
"23","1.0E-4","0","true"
"24","1.0E-4","0","true"
"25","1.0E-4","0","true"
"26","1.0E-4","0","true"
"27","1.0E-4","0","true"
"28","1.0E-4","0","true"
"29","1.0E-4","0","true"
"30","1.0E-4","0","true"
"31","1.0E-4","0","true"
"32","1.0E-4","0","true"
"33","1.0E-4","0","true"
"34","1.0E-4","0","true"
"35","1.0E-4","0","true"
"36","1.0E-4","0","true"
"37","1.0E-4","0","true"
"38","1.0E-4","0","true"
"39","1.0E-4","0","true"
"40","1.0E-4","0","true"
"41","1.0E-4","0","true"
"42","1.0E-4","0","true"
"43","1.0E-4","0","true"
"44","1.0E-4","0","true"
"45","1.0E-4","0","true"
"46","1.0E-4","0","true"
"47","1.0E-4","0","true"
"48","1.0E-4","0","true"
"49","1.0E-4","0","true"
"50","1.0E-4","0","true"
"51","1.0E-4","0","true"
"52","1.0E-4","0","true"
"53","1.0E-4","0","true"
"54","1.0E-4","0","true"
"55","1.0E-4","0","true"
"56","1.0E-4","0","true"
"57","1.0E-4","0","true"
"58","1.0E-4","0","true"
"59","1.0E-4","0","true"
"60","1.0E-4","0","true"
"61","1.0E-4","0","true"
"62","1.0E-4","0","true"
"63","1.0E-4","0","true"
"64","1.0E-4","0","true"
"65","1.0E-4","0","true"
"66","1.0E-4","0","true"
"67","1.0E-4","0","true"
"68","1.0E-4","0","true"
"69","1.0E-4","0","true"
"70","1.0E-4","0","true"
"71","1.0E-4","0","true"
"72","1.0E-4","0","true"
"73","1.0E-4","0","true"
"74","1.0E-4","0","true"
"75","1.0E-4","0","true"
"76","1.0E-4","0","true"
"77","1.0E-4","0","true"
"78","1.0E-4","0","true"
"79","1.0E-4","0","true"
"80","1.0E-4","0","true"
"81","1.0E-4","0","true"
"82","1.0E-4","0","true"
"83","1.0E-4","0","true"
"84","1.0E-4","0","true"
"85","1.0E-4","0","true"
"86","1.0E-4","0","true"
"87","1.0E-4","0","true"
"88","1.0E-4","0","true"
"89","1.0E-4","0","true"
"90","1.0E-4","0","true"
"91","1.0E-4","0","true"
"92","1.0E-4","0","true"
"93","1.0E-4","0","true"
"94","1.0E-4","0","true"
"95","1.0E-4","0","true"
"96","1.0E-4","0","true"
"97","1.0E-4","0","true"
"98","1.0E-4","0","true"
"99","1.0E-4","0","true"
"100","1.0E-4","0","true"
"101","1.0E-4","0","true"
"102","1.0E-4","0","true"
"103","1.0E-4","0","true"
"104","1.0E-4","0","true"
"105","1.0E-4","0","true"
"106","1.0E-4","0","true"
"107","1.0E-4","0","true"
"108","1.0E-4","0","true"
"109","1.0E-4","0","true"
"110","1.0E-4","0","true"
"111","1.0E-4","0","true"
"112","1.0E-4","0","true"
"113","1.0E-4","0","true"
"114","1.0E-4","0","true"
"115","1.0E-4","0","true"
"116","1.0E-4","0","true"
"117","1.0E-4","0","true"
"118","1.0E-4","0","true"
"119","1.0E-4","0","true"
"120","1.0E-4","0","true"
"121","1.0E-4","0","true"
"122","1.0E-4","0","true"
"123","1.0E-4","0","true"
"124","1.0E-4","0","true"
"125","1.0E-4","0","true"
"126","1.0E-4","0","true"
"127","1.0E-4","0","true"
"128","1.0E-4","0","true"
"129","1.0E-4","0","true"
"130","1.0E-4","0","true"
"131","1.0E-4","0","true"
"132","1.0E-4","0","true"
"133","1.0E-4","0","true"
"134","1.0E-4","0","true"
"135","1.0E-4","0","true"
"136","1.0E-4","0","true"
"137","1.0E-4","0","true"
"138","1.0E-4","0","true"
"139","1.0E-4","0","true"
"140","1.0E-4","0","true"
"141","1.0E-4","0","true"
"142","1.0E-4","0","true"
"143","1.0E-4","0","true"
"144","1.0E-4","0","true"
"145","1.0E-4","0","true"
"146","1.0E-4","0","true"
"147","1.0E-4","0","true"
"148","1.0E-4","0","true"
"149","1.0E-4","0","true"
"150","1.0E-4","0","true"
"151","1.0E-4","0","true"
"152","1.0E-4","0","true"
"153","1.0E-4","0","true"
"154","1.0E-4","0","true"
"155","1.0E-4","0","true"
"156","1.0E-4","0","true"
"157","1.0E-4","0","true"
"158","1.0E-4","0","true"
"159","1.0E-4","0","true"
"160","1.0E-4","0","true"
"161","1.0E-4","0","true"
"162","1.0E-4","0","true"
"163","1.0E-4","0","true"
"164","1.0E-4","0","true"
"165","1.0E-4","0","true"
"166","1.0E-4","0","true"
"167","1.0E-4","0","true"
"168","1.0E-4","0","true"
"169","1.0E-4","0","true"
"170","1.0E-4","0","true"
"171","1.0E-4","0","true"
"172","1.0E-4","0","true"
"173","1.0E-4","0","true"
"174","1.0E-4","0","true"
"175","1.0E-4","0","true"
"176","1.0E-4","0","true"
"177","1.0E-4","0","true"
"178","1.0E-4","0","true"
"179","1.0E-4","0","true"
"180","1.0E-4","0","true"
"181","1.0E-4","0","true"
"182","1.0E-4","0","true"
"183","1.0E-4","0","true"
"184","1.0E-4","0","true"
"185","1.0E-4","0","true"
"186","1.0E-4","0","true"
"187","1.0E-4","0","true"
"188","1.0E-4","0","true"
"189","1.0E-4","0","true"
"190","1.0E-4","0","true"
"191","1.0E-4","0","true"
"192","1.0E-4","0","true"
"193","1.0E-4","0","true"
"194","1.0E-4","0","true"
"195","1.0E-4","0","true"
"196","1.0E-4","0","true"
"197","1.0E-4","0","true"
"198","1.0E-4","0","true"
"199","1.0E-4","0","true"
"200","1.0E-4","0","true"
"201","1.0E-4","0","true"
"202","1.0E-4","0","true"
"203","1.0E-4","0","true"
"204","1.0E-4","0","true"
"205","1.0E-4","0","true"
"206","1.0E-4","0","true"
"207","1.0E-4","0","true"
"208","1.0E-4","0","true"
"209","1.0E-4","0","true"
"210","1.0E-4","0","true"
"211","1.0E-4","0","true"
"212","1.0E-4","0","true"
"213","1.0E-4","0","true"
"214","1.0E-4","0","true"
"215","1.0E-4","0","true"
"216","1.0E-4","0","true"
"217","1.0E-4","0","true"
"218","1.0E-4","0","true"
"219","1.0E-4","0","true"
"220","1.0E-4","0","true"
"221","1.0E-4","0","true"
"222","1.0E-4","0","true"
"223","1.0E-4","0","true"
"224","1.0E-4","0","true"
"225","1.0E-4","0","true"
"226","1.0E-4","0","true"
"227","1.0E-4","0","true"
"228","1.0E-4","0","true"
"229","1.0E-4","0","true"
"230","1.0E-4","0","true"
"231","1.0E-4","0","true"
"232","1.0E-4","0","true"
"233","1.0E-4","0","true"
"234","1.0E-4","0","true"
"235","1.0E-4","0","true"
"236","1.0E-4","0","true"
"237","1.0E-4","0","true"
"238","1.0E-4","0","true"
"239","1.0E-4","0","true"
"240","1.0E-4","0","true"
"241","1.0E-4","0","true"
"242","1.0E-4","0","true"
"243","1.0E-4","0","true"
"244","1.0E-4","0","true"
"245","1.0E-4","0","true"
"246","1.0E-4","0","true"
"247","1.0E-4","0","true"
"248","1.0E-4","0","true"
"249","1.0E-4","0","true"
"250","1.0E-4","0","true"
"251","1.0E-4","0","true"

"""probabilityUniversity7"""
"x min","x max","y min","y max","autoplot?","current pen","legend open?","number of pens"
"0","290","0","10","true","""default""","false","1"

"pen name","pen down?","mode","interval","color","x"
"""default""","true","0","1","0","251"

"""default"""
"x","y","color","pen down?"
"0","1.0E-4","0","true"
"1","1.0E-4","0","true"
"2","1.0E-4","0","true"
"3","1.0E-4","0","true"
"4","1.0E-4","0","true"
"5","1.0E-4","0","true"
"6","1.0E-4","0","true"
"7","1.0E-4","0","true"
"8","1.0E-4","0","true"
"9","1.0E-4","0","true"
"10","1.0E-4","0","true"
"11","1.0E-4","0","true"
"12","1.0E-4","0","true"
"13","1.0E-4","0","true"
"14","1.0E-4","0","true"
"15","1.0E-4","0","true"
"16","1.0E-4","0","true"
"17","1.0E-4","0","true"
"18","1.0E-4","0","true"
"19","1.0E-4","0","true"
"20","1.0E-4","0","true"
"21","1.0E-4","0","true"
"22","1.0E-4","0","true"
"23","1.0E-4","0","true"
"24","1.0E-4","0","true"
"25","1.0E-4","0","true"
"26","1.0E-4","0","true"
"27","1.0E-4","0","true"
"28","1.0E-4","0","true"
"29","1.0E-4","0","true"
"30","1.0E-4","0","true"
"31","1.0E-4","0","true"
"32","1.0E-4","0","true"
"33","1.0E-4","0","true"
"34","1.0E-4","0","true"
"35","1.0E-4","0","true"
"36","1.0E-4","0","true"
"37","1.0E-4","0","true"
"38","1.0E-4","0","true"
"39","1.0E-4","0","true"
"40","1.0E-4","0","true"
"41","1.0E-4","0","true"
"42","1.0E-4","0","true"
"43","1.0E-4","0","true"
"44","1.0E-4","0","true"
"45","1.0E-4","0","true"
"46","1.0E-4","0","true"
"47","1.0E-4","0","true"
"48","1.0E-4","0","true"
"49","1.0E-4","0","true"
"50","1.0E-4","0","true"
"51","1.0E-4","0","true"
"52","1.0E-4","0","true"
"53","1.0E-4","0","true"
"54","1.0E-4","0","true"
"55","1.0E-4","0","true"
"56","1.0E-4","0","true"
"57","1.0E-4","0","true"
"58","1.0E-4","0","true"
"59","1.0E-4","0","true"
"60","1.0E-4","0","true"
"61","1.0E-4","0","true"
"62","1.0E-4","0","true"
"63","1.0E-4","0","true"
"64","1.0E-4","0","true"
"65","1.0E-4","0","true"
"66","1.0E-4","0","true"
"67","1.0E-4","0","true"
"68","1.0E-4","0","true"
"69","1.0E-4","0","true"
"70","1.0E-4","0","true"
"71","1.0E-4","0","true"
"72","1.0E-4","0","true"
"73","1.0E-4","0","true"
"74","1.0E-4","0","true"
"75","1.0E-4","0","true"
"76","1.0E-4","0","true"
"77","1.0E-4","0","true"
"78","1.0E-4","0","true"
"79","1.0E-4","0","true"
"80","1.0E-4","0","true"
"81","1.0E-4","0","true"
"82","1.0E-4","0","true"
"83","1.0E-4","0","true"
"84","1.0E-4","0","true"
"85","1.0E-4","0","true"
"86","1.0E-4","0","true"
"87","1.0E-4","0","true"
"88","1.0E-4","0","true"
"89","1.0E-4","0","true"
"90","1.0E-4","0","true"
"91","1.0E-4","0","true"
"92","1.0E-4","0","true"
"93","1.0E-4","0","true"
"94","1.0E-4","0","true"
"95","1.0E-4","0","true"
"96","1.0E-4","0","true"
"97","1.0E-4","0","true"
"98","1.0E-4","0","true"
"99","1.0E-4","0","true"
"100","1.0E-4","0","true"
"101","1.0E-4","0","true"
"102","1.0E-4","0","true"
"103","1.0E-4","0","true"
"104","1.0E-4","0","true"
"105","1.0E-4","0","true"
"106","1.0E-4","0","true"
"107","1.0E-4","0","true"
"108","1.0E-4","0","true"
"109","1.0E-4","0","true"
"110","1.0E-4","0","true"
"111","1.0E-4","0","true"
"112","1.0E-4","0","true"
"113","1.0E-4","0","true"
"114","1.0E-4","0","true"
"115","1.0E-4","0","true"
"116","1.0E-4","0","true"
"117","1.0E-4","0","true"
"118","1.0E-4","0","true"
"119","1.0E-4","0","true"
"120","1.0E-4","0","true"
"121","1.0E-4","0","true"
"122","1.0E-4","0","true"
"123","1.0E-4","0","true"
"124","1.0E-4","0","true"
"125","1.0E-4","0","true"
"126","1.0E-4","0","true"
"127","1.0E-4","0","true"
"128","1.0E-4","0","true"
"129","1.0E-4","0","true"
"130","1.0E-4","0","true"
"131","1.0E-4","0","true"
"132","1.0E-4","0","true"
"133","1.0E-4","0","true"
"134","1.0E-4","0","true"
"135","1.0E-4","0","true"
"136","1.0E-4","0","true"
"137","1.0E-4","0","true"
"138","1.0E-4","0","true"
"139","1.0E-4","0","true"
"140","1.0E-4","0","true"
"141","1.0E-4","0","true"
"142","1.0E-4","0","true"
"143","1.0E-4","0","true"
"144","1.0E-4","0","true"
"145","1.0E-4","0","true"
"146","1.0E-4","0","true"
"147","1.0E-4","0","true"
"148","1.0E-4","0","true"
"149","1.0E-4","0","true"
"150","1.0E-4","0","true"
"151","1.0E-4","0","true"
"152","1.0E-4","0","true"
"153","1.0E-4","0","true"
"154","1.0E-4","0","true"
"155","1.0E-4","0","true"
"156","1.0E-4","0","true"
"157","1.0E-4","0","true"
"158","1.0E-4","0","true"
"159","1.0E-4","0","true"
"160","1.0E-4","0","true"
"161","1.0E-4","0","true"
"162","1.0E-4","0","true"
"163","1.0E-4","0","true"
"164","1.0E-4","0","true"
"165","1.0E-4","0","true"
"166","1.0E-4","0","true"
"167","1.0E-4","0","true"
"168","1.0E-4","0","true"
"169","1.0E-4","0","true"
"170","1.0E-4","0","true"
"171","1.0E-4","0","true"
"172","1.0E-4","0","true"
"173","1.0E-4","0","true"
"174","1.0E-4","0","true"
"175","1.0E-4","0","true"
"176","1.0E-4","0","true"
"177","1.0E-4","0","true"
"178","1.0E-4","0","true"
"179","1.0E-4","0","true"
"180","1.0E-4","0","true"
"181","1.0E-4","0","true"
"182","1.0E-4","0","true"
"183","1.0E-4","0","true"
"184","1.0E-4","0","true"
"185","1.0E-4","0","true"
"186","1.0E-4","0","true"
"187","1.0E-4","0","true"
"188","1.0E-4","0","true"
"189","1.0E-4","0","true"
"190","1.0E-4","0","true"
"191","1.0E-4","0","true"
"192","1.0E-4","0","true"
"193","1.0E-4","0","true"
"194","1.0E-4","0","true"
"195","1.0E-4","0","true"
"196","1.0E-4","0","true"
"197","1.0E-4","0","true"
"198","1.0E-4","0","true"
"199","1.0E-4","0","true"
"200","1.0E-4","0","true"
"201","1.0E-4","0","true"
"202","1.0E-4","0","true"
"203","1.0E-4","0","true"
"204","1.0E-4","0","true"
"205","1.0E-4","0","true"
"206","1.0E-4","0","true"
"207","1.0E-4","0","true"
"208","1.0E-4","0","true"
"209","1.0E-4","0","true"
"210","1.0E-4","0","true"
"211","1.0E-4","0","true"
"212","1.0E-4","0","true"
"213","1.0E-4","0","true"
"214","1.0E-4","0","true"
"215","1.0E-4","0","true"
"216","1.0E-4","0","true"
"217","1.0E-4","0","true"
"218","1.0E-4","0","true"
"219","1.0E-4","0","true"
"220","1.0E-4","0","true"
"221","1.0E-4","0","true"
"222","1.0E-4","0","true"
"223","1.0E-4","0","true"
"224","1.0E-4","0","true"
"225","1.0E-4","0","true"
"226","1.0E-4","0","true"
"227","1.0E-4","0","true"
"228","1.0E-4","0","true"
"229","1.0E-4","0","true"
"230","1.0E-4","0","true"
"231","1.0E-4","0","true"
"232","1.0E-4","0","true"
"233","1.0E-4","0","true"
"234","1.0E-4","0","true"
"235","1.0E-4","0","true"
"236","1.0E-4","0","true"
"237","1.0E-4","0","true"
"238","1.0E-4","0","true"
"239","1.0E-4","0","true"
"240","1.0E-4","0","true"
"241","1.0E-4","0","true"
"242","1.0E-4","0","true"
"243","1.0E-4","0","true"
"244","1.0E-4","0","true"
"245","1.0E-4","0","true"
"246","1.0E-4","0","true"
"247","1.0E-4","0","true"
"248","1.0E-4","0","true"
"249","1.0E-4","0","true"
"250","1.0E-4","0","true"
"251","1.0E-4","0","true"

"""probabilityUniversity8"""
"x min","x max","y min","y max","autoplot?","current pen","legend open?","number of pens"
"0","290","0","10","true","""default""","false","1"

"pen name","pen down?","mode","interval","color","x"
"""default""","true","0","1","0","251"

"""default"""
"x","y","color","pen down?"
"0","1.0E-4","0","true"
"1","1.0E-4","0","true"
"2","1.0E-4","0","true"
"3","1.0E-4","0","true"
"4","1.0E-4","0","true"
"5","1.0E-4","0","true"
"6","1.0E-4","0","true"
"7","1.0E-4","0","true"
"8","1.0E-4","0","true"
"9","1.0E-4","0","true"
"10","1.0E-4","0","true"
"11","1.0E-4","0","true"
"12","1.0E-4","0","true"
"13","1.0E-4","0","true"
"14","1.0E-4","0","true"
"15","1.0E-4","0","true"
"16","1.0E-4","0","true"
"17","1.0E-4","0","true"
"18","1.0E-4","0","true"
"19","1.0E-4","0","true"
"20","1.0E-4","0","true"
"21","1.0E-4","0","true"
"22","1.0E-4","0","true"
"23","1.0E-4","0","true"
"24","1.0E-4","0","true"
"25","1.0E-4","0","true"
"26","1.0E-4","0","true"
"27","1.0E-4","0","true"
"28","1.0E-4","0","true"
"29","1.0E-4","0","true"
"30","1.0E-4","0","true"
"31","1.0E-4","0","true"
"32","1.0E-4","0","true"
"33","1.0E-4","0","true"
"34","1.0E-4","0","true"
"35","1.0E-4","0","true"
"36","1.0E-4","0","true"
"37","1.0E-4","0","true"
"38","1.0E-4","0","true"
"39","1.0E-4","0","true"
"40","1.0E-4","0","true"
"41","1.0E-4","0","true"
"42","1.0E-4","0","true"
"43","1.0E-4","0","true"
"44","1.0E-4","0","true"
"45","1.0E-4","0","true"
"46","1.0E-4","0","true"
"47","1.0E-4","0","true"
"48","1.0E-4","0","true"
"49","1.0E-4","0","true"
"50","1.0E-4","0","true"
"51","1.0E-4","0","true"
"52","1.0E-4","0","true"
"53","1.0E-4","0","true"
"54","1.0E-4","0","true"
"55","1.0E-4","0","true"
"56","1.0E-4","0","true"
"57","1.0E-4","0","true"
"58","1.0E-4","0","true"
"59","1.0E-4","0","true"
"60","1.0E-4","0","true"
"61","1.0E-4","0","true"
"62","1.0E-4","0","true"
"63","1.0E-4","0","true"
"64","1.0E-4","0","true"
"65","1.0E-4","0","true"
"66","1.0E-4","0","true"
"67","1.0E-4","0","true"
"68","1.0E-4","0","true"
"69","1.0E-4","0","true"
"70","1.0E-4","0","true"
"71","1.0E-4","0","true"
"72","1.0E-4","0","true"
"73","1.0E-4","0","true"
"74","1.0E-4","0","true"
"75","1.0E-4","0","true"
"76","1.0E-4","0","true"
"77","1.0E-4","0","true"
"78","1.0E-4","0","true"
"79","1.0E-4","0","true"
"80","1.0E-4","0","true"
"81","1.0E-4","0","true"
"82","1.0E-4","0","true"
"83","1.0E-4","0","true"
"84","1.0E-4","0","true"
"85","1.0E-4","0","true"
"86","1.0E-4","0","true"
"87","1.0E-4","0","true"
"88","1.0E-4","0","true"
"89","1.0E-4","0","true"
"90","1.0E-4","0","true"
"91","1.0E-4","0","true"
"92","1.0E-4","0","true"
"93","1.0E-4","0","true"
"94","1.0E-4","0","true"
"95","1.0E-4","0","true"
"96","1.0E-4","0","true"
"97","1.0E-4","0","true"
"98","1.0E-4","0","true"
"99","1.0E-4","0","true"
"100","1.0E-4","0","true"
"101","1.0E-4","0","true"
"102","1.0E-4","0","true"
"103","1.0E-4","0","true"
"104","1.0E-4","0","true"
"105","1.0E-4","0","true"
"106","1.0E-4","0","true"
"107","1.0E-4","0","true"
"108","1.0E-4","0","true"
"109","1.0E-4","0","true"
"110","1.0E-4","0","true"
"111","1.0E-4","0","true"
"112","1.0E-4","0","true"
"113","1.0E-4","0","true"
"114","1.0E-4","0","true"
"115","1.0E-4","0","true"
"116","1.0E-4","0","true"
"117","1.0E-4","0","true"
"118","1.0E-4","0","true"
"119","1.0E-4","0","true"
"120","1.0E-4","0","true"
"121","1.0E-4","0","true"
"122","1.0E-4","0","true"
"123","1.0E-4","0","true"
"124","1.0E-4","0","true"
"125","1.0E-4","0","true"
"126","1.0E-4","0","true"
"127","1.0E-4","0","true"
"128","1.0E-4","0","true"
"129","1.0E-4","0","true"
"130","1.0E-4","0","true"
"131","1.0E-4","0","true"
"132","1.0E-4","0","true"
"133","1.0E-4","0","true"
"134","1.0E-4","0","true"
"135","1.0E-4","0","true"
"136","1.0E-4","0","true"
"137","1.0E-4","0","true"
"138","1.0E-4","0","true"
"139","1.0E-4","0","true"
"140","1.0E-4","0","true"
"141","1.0E-4","0","true"
"142","1.0E-4","0","true"
"143","1.0E-4","0","true"
"144","1.0E-4","0","true"
"145","1.0E-4","0","true"
"146","1.0E-4","0","true"
"147","1.0E-4","0","true"
"148","1.0E-4","0","true"
"149","1.0E-4","0","true"
"150","1.0E-4","0","true"
"151","1.0E-4","0","true"
"152","1.0E-4","0","true"
"153","1.0E-4","0","true"
"154","1.0E-4","0","true"
"155","1.0E-4","0","true"
"156","1.0E-4","0","true"
"157","1.0E-4","0","true"
"158","1.0E-4","0","true"
"159","1.0E-4","0","true"
"160","1.0E-4","0","true"
"161","1.0E-4","0","true"
"162","1.0E-4","0","true"
"163","1.0E-4","0","true"
"164","1.0E-4","0","true"
"165","1.0E-4","0","true"
"166","1.0E-4","0","true"
"167","1.0E-4","0","true"
"168","1.0E-4","0","true"
"169","1.0E-4","0","true"
"170","1.0E-4","0","true"
"171","1.0E-4","0","true"
"172","1.0E-4","0","true"
"173","1.0E-4","0","true"
"174","1.0E-4","0","true"
"175","1.0E-4","0","true"
"176","1.0E-4","0","true"
"177","1.0E-4","0","true"
"178","1.0E-4","0","true"
"179","1.0E-4","0","true"
"180","1.0E-4","0","true"
"181","1.0E-4","0","true"
"182","1.0E-4","0","true"
"183","1.0E-4","0","true"
"184","1.0E-4","0","true"
"185","1.0E-4","0","true"
"186","1.0E-4","0","true"
"187","1.0E-4","0","true"
"188","1.0E-4","0","true"
"189","1.0E-4","0","true"
"190","1.0E-4","0","true"
"191","1.0E-4","0","true"
"192","1.0E-4","0","true"
"193","1.0E-4","0","true"
"194","1.0E-4","0","true"
"195","1.0E-4","0","true"
"196","1.0E-4","0","true"
"197","1.0E-4","0","true"
"198","1.0E-4","0","true"
"199","1.0E-4","0","true"
"200","1.0E-4","0","true"
"201","1.0E-4","0","true"
"202","1.0E-4","0","true"
"203","1.0E-4","0","true"
"204","1.0E-4","0","true"
"205","1.0E-4","0","true"
"206","1.0E-4","0","true"
"207","1.0E-4","0","true"
"208","1.0E-4","0","true"
"209","1.0E-4","0","true"
"210","1.0E-4","0","true"
"211","1.0E-4","0","true"
"212","1.0E-4","0","true"
"213","1.0E-4","0","true"
"214","1.0E-4","0","true"
"215","1.0E-4","0","true"
"216","1.0E-4","0","true"
"217","1.0E-4","0","true"
"218","1.0E-4","0","true"
"219","1.0E-4","0","true"
"220","1.0E-4","0","true"
"221","1.0E-4","0","true"
"222","1.0E-4","0","true"
"223","1.0E-4","0","true"
"224","1.0E-4","0","true"
"225","1.0E-4","0","true"
"226","1.0E-4","0","true"
"227","1.0E-4","0","true"
"228","1.0E-4","0","true"
"229","1.0E-4","0","true"
"230","1.0E-4","0","true"
"231","1.0E-4","0","true"
"232","1.0E-4","0","true"
"233","1.0E-4","0","true"
"234","1.0E-4","0","true"
"235","1.0E-4","0","true"
"236","1.0E-4","0","true"
"237","1.0E-4","0","true"
"238","1.0E-4","0","true"
"239","1.0E-4","0","true"
"240","1.0E-4","0","true"
"241","1.0E-4","0","true"
"242","1.0E-4","0","true"
"243","1.0E-4","0","true"
"244","1.0E-4","0","true"
"245","1.0E-4","0","true"
"246","1.0E-4","0","true"
"247","1.0E-4","0","true"
"248","1.0E-4","0","true"
"249","1.0E-4","0","true"
"250","1.0E-4","0","true"
"251","1.0E-4","0","true"

