"export-plots data (NetLogo 5.2.1)"
"Modelo.nlogo"
"05/14/2017 23:01:05:852 -0500"

"MODEL SETTINGS"
"numbertest","probabilityincrease1","numbergroupsuniversity1","universities","probabilityincrease2","probabilityincrease3","numbergroupsuniversity2","numbergroupsuniversity3","initial-probability-agents","numbergroupsuniversity4","numbergroupsuniversity5","numbergroupsuniversity6","probabilityincrease4","probabilityincrease5","probabilityincrease6","numbergroupsuniversity7","numbergroupsuniversity8","probabilityincrease7","probabilityincrease8"
"""test71""","0.001","1000","8","1.0E-4","1.0E-5","1000","1000","0.001","1000","100","100","0","0.001","1.0E-4","100","100","1.0E-5","0"

"""pubUniversity1"""
"x min","x max","y min","y max","autoplot?","current pen","legend open?","number of pens"
"0","290","0","249000","true","""default""","false","1"

"pen name","pen down?","mode","interval","color","x"
"""default""","true","0","1","0","251"

"""default"""
"x","y","color","pen down?"
"0","0","0","true"
"1","2","0","true"
"2","8","0","true"
"3","23","0","true"
"4","66","0","true"
"5","180","0","true"
"6","482","0","true"
"7","1273","0","true"
"8","2273","0","true"
"9","3273","0","true"
"10","4273","0","true"
"11","5273","0","true"
"12","6273","0","true"
"13","7273","0","true"
"14","8273","0","true"
"15","9273","0","true"
"16","10273","0","true"
"17","11273","0","true"
"18","12273","0","true"
"19","13273","0","true"
"20","14273","0","true"
"21","15273","0","true"
"22","16273","0","true"
"23","17273","0","true"
"24","18273","0","true"
"25","19273","0","true"
"26","20273","0","true"
"27","21273","0","true"
"28","22273","0","true"
"29","23273","0","true"
"30","24273","0","true"
"31","25273","0","true"
"32","26273","0","true"
"33","27273","0","true"
"34","28273","0","true"
"35","29273","0","true"
"36","30273","0","true"
"37","31273","0","true"
"38","32273","0","true"
"39","33273","0","true"
"40","34273","0","true"
"41","35273","0","true"
"42","36273","0","true"
"43","37273","0","true"
"44","38273","0","true"
"45","39273","0","true"
"46","40273","0","true"
"47","41273","0","true"
"48","42273","0","true"
"49","43273","0","true"
"50","44273","0","true"
"51","45273","0","true"
"52","46273","0","true"
"53","47273","0","true"
"54","48273","0","true"
"55","49273","0","true"
"56","50273","0","true"
"57","51273","0","true"
"58","52273","0","true"
"59","53273","0","true"
"60","54273","0","true"
"61","55273","0","true"
"62","56273","0","true"
"63","57273","0","true"
"64","58273","0","true"
"65","59273","0","true"
"66","60273","0","true"
"67","61273","0","true"
"68","62273","0","true"
"69","63273","0","true"
"70","64273","0","true"
"71","65273","0","true"
"72","66273","0","true"
"73","67273","0","true"
"74","68273","0","true"
"75","69273","0","true"
"76","70273","0","true"
"77","71273","0","true"
"78","72273","0","true"
"79","73273","0","true"
"80","74273","0","true"
"81","75273","0","true"
"82","76273","0","true"
"83","77273","0","true"
"84","78273","0","true"
"85","79273","0","true"
"86","80273","0","true"
"87","81273","0","true"
"88","82273","0","true"
"89","83273","0","true"
"90","84273","0","true"
"91","85273","0","true"
"92","86273","0","true"
"93","87273","0","true"
"94","88273","0","true"
"95","89273","0","true"
"96","90273","0","true"
"97","91273","0","true"
"98","92273","0","true"
"99","93273","0","true"
"100","94273","0","true"
"101","95273","0","true"
"102","96273","0","true"
"103","97273","0","true"
"104","98273","0","true"
"105","99273","0","true"
"106","100273","0","true"
"107","101273","0","true"
"108","102273","0","true"
"109","103273","0","true"
"110","104273","0","true"
"111","105273","0","true"
"112","106273","0","true"
"113","107273","0","true"
"114","108273","0","true"
"115","109273","0","true"
"116","110273","0","true"
"117","111273","0","true"
"118","112273","0","true"
"119","113273","0","true"
"120","114273","0","true"
"121","115273","0","true"
"122","116273","0","true"
"123","117273","0","true"
"124","118273","0","true"
"125","119273","0","true"
"126","120273","0","true"
"127","121273","0","true"
"128","122273","0","true"
"129","123273","0","true"
"130","124273","0","true"
"131","125273","0","true"
"132","126273","0","true"
"133","127273","0","true"
"134","128273","0","true"
"135","129273","0","true"
"136","130273","0","true"
"137","131273","0","true"
"138","132273","0","true"
"139","133273","0","true"
"140","134273","0","true"
"141","135273","0","true"
"142","136273","0","true"
"143","137273","0","true"
"144","138273","0","true"
"145","139273","0","true"
"146","140273","0","true"
"147","141273","0","true"
"148","142273","0","true"
"149","143273","0","true"
"150","144273","0","true"
"151","145273","0","true"
"152","146273","0","true"
"153","147273","0","true"
"154","148273","0","true"
"155","149273","0","true"
"156","150273","0","true"
"157","151273","0","true"
"158","152273","0","true"
"159","153273","0","true"
"160","154273","0","true"
"161","155273","0","true"
"162","156273","0","true"
"163","157273","0","true"
"164","158273","0","true"
"165","159273","0","true"
"166","160273","0","true"
"167","161273","0","true"
"168","162273","0","true"
"169","163273","0","true"
"170","164273","0","true"
"171","165273","0","true"
"172","166273","0","true"
"173","167273","0","true"
"174","168273","0","true"
"175","169273","0","true"
"176","170273","0","true"
"177","171273","0","true"
"178","172273","0","true"
"179","173273","0","true"
"180","174273","0","true"
"181","175273","0","true"
"182","176273","0","true"
"183","177273","0","true"
"184","178273","0","true"
"185","179273","0","true"
"186","180273","0","true"
"187","181273","0","true"
"188","182273","0","true"
"189","183273","0","true"
"190","184273","0","true"
"191","185273","0","true"
"192","186273","0","true"
"193","187273","0","true"
"194","188273","0","true"
"195","189273","0","true"
"196","190273","0","true"
"197","191273","0","true"
"198","192273","0","true"
"199","193273","0","true"
"200","194273","0","true"
"201","195273","0","true"
"202","196273","0","true"
"203","197273","0","true"
"204","198273","0","true"
"205","199273","0","true"
"206","200273","0","true"
"207","201273","0","true"
"208","202273","0","true"
"209","203273","0","true"
"210","204273","0","true"
"211","205273","0","true"
"212","206273","0","true"
"213","207273","0","true"
"214","208273","0","true"
"215","209273","0","true"
"216","210273","0","true"
"217","211273","0","true"
"218","212273","0","true"
"219","213273","0","true"
"220","214273","0","true"
"221","215273","0","true"
"222","216273","0","true"
"223","217273","0","true"
"224","218273","0","true"
"225","219273","0","true"
"226","220273","0","true"
"227","221273","0","true"
"228","222273","0","true"
"229","223273","0","true"
"230","224273","0","true"
"231","225273","0","true"
"232","226273","0","true"
"233","227273","0","true"
"234","228273","0","true"
"235","229273","0","true"
"236","230273","0","true"
"237","231273","0","true"
"238","232273","0","true"
"239","233273","0","true"
"240","234273","0","true"
"241","235273","0","true"
"242","236273","0","true"
"243","237273","0","true"
"244","238273","0","true"
"245","239273","0","true"
"246","240273","0","true"
"247","241273","0","true"
"248","242273","0","true"
"249","243273","0","true"
"250","244273","0","true"
"251","245273","0","true"

"""pubUniversity2"""
"x min","x max","y min","y max","autoplot?","current pen","legend open?","number of pens"
"0","290","0","207000","true","""default""","false","1"

"pen name","pen down?","mode","interval","color","x"
"""default""","true","0","1","0","251"

"""default"""
"x","y","color","pen down?"
"0","0","0","true"
"1","1","0","true"
"2","1","0","true"
"3","4","0","true"
"4","6","0","true"
"5","8","0","true"
"6","9","0","true"
"7","12","0","true"
"8","12","0","true"
"9","14","0","true"
"10","17","0","true"
"11","20","0","true"
"12","21","0","true"
"13","24","0","true"
"14","30","0","true"
"15","34","0","true"
"16","41","0","true"
"17","45","0","true"
"18","55","0","true"
"19","59","0","true"
"20","73","0","true"
"21","84","0","true"
"22","92","0","true"
"23","97","0","true"
"24","109","0","true"
"25","121","0","true"
"26","133","0","true"
"27","146","0","true"
"28","157","0","true"
"29","177","0","true"
"30","200","0","true"
"31","222","0","true"
"32","244","0","true"
"33","266","0","true"
"34","294","0","true"
"35","319","0","true"
"36","359","0","true"
"37","394","0","true"
"38","427","0","true"
"39","466","0","true"
"40","515","0","true"
"41","586","0","true"
"42","653","0","true"
"43","723","0","true"
"44","800","0","true"
"45","895","0","true"
"46","990","0","true"
"47","1090","0","true"
"48","1210","0","true"
"49","1324","0","true"
"50","1467","0","true"
"51","1627","0","true"
"52","1796","0","true"
"53","1976","0","true"
"54","2196","0","true"
"55","2431","0","true"
"56","2702","0","true"
"57","2951","0","true"
"58","3264","0","true"
"59","3602","0","true"
"60","3976","0","true"
"61","4385","0","true"
"62","4855","0","true"
"63","5376","0","true"
"64","5938","0","true"
"65","6567","0","true"
"66","7258","0","true"
"67","8001","0","true"
"68","8847","0","true"
"69","9789","0","true"
"70","10787","0","true"
"71","11787","0","true"
"72","12787","0","true"
"73","13787","0","true"
"74","14787","0","true"
"75","15787","0","true"
"76","16787","0","true"
"77","17787","0","true"
"78","18787","0","true"
"79","19787","0","true"
"80","20787","0","true"
"81","21787","0","true"
"82","22787","0","true"
"83","23787","0","true"
"84","24787","0","true"
"85","25787","0","true"
"86","26787","0","true"
"87","27787","0","true"
"88","28787","0","true"
"89","29787","0","true"
"90","30787","0","true"
"91","31787","0","true"
"92","32787","0","true"
"93","33787","0","true"
"94","34787","0","true"
"95","35787","0","true"
"96","36787","0","true"
"97","37787","0","true"
"98","38787","0","true"
"99","39787","0","true"
"100","40787","0","true"
"101","41787","0","true"
"102","42787","0","true"
"103","43787","0","true"
"104","44787","0","true"
"105","45787","0","true"
"106","46787","0","true"
"107","47787","0","true"
"108","48787","0","true"
"109","49787","0","true"
"110","50787","0","true"
"111","51787","0","true"
"112","52787","0","true"
"113","53787","0","true"
"114","54787","0","true"
"115","55787","0","true"
"116","56787","0","true"
"117","57787","0","true"
"118","58787","0","true"
"119","59787","0","true"
"120","60787","0","true"
"121","61787","0","true"
"122","62787","0","true"
"123","63787","0","true"
"124","64787","0","true"
"125","65787","0","true"
"126","66787","0","true"
"127","67787","0","true"
"128","68787","0","true"
"129","69787","0","true"
"130","70787","0","true"
"131","71787","0","true"
"132","72787","0","true"
"133","73787","0","true"
"134","74787","0","true"
"135","75787","0","true"
"136","76787","0","true"
"137","77787","0","true"
"138","78787","0","true"
"139","79787","0","true"
"140","80787","0","true"
"141","81787","0","true"
"142","82787","0","true"
"143","83787","0","true"
"144","84787","0","true"
"145","85787","0","true"
"146","86787","0","true"
"147","87787","0","true"
"148","88787","0","true"
"149","89787","0","true"
"150","90787","0","true"
"151","91787","0","true"
"152","92787","0","true"
"153","93787","0","true"
"154","94787","0","true"
"155","95787","0","true"
"156","96787","0","true"
"157","97787","0","true"
"158","98787","0","true"
"159","99787","0","true"
"160","100787","0","true"
"161","101787","0","true"
"162","102787","0","true"
"163","103787","0","true"
"164","104787","0","true"
"165","105787","0","true"
"166","106787","0","true"
"167","107787","0","true"
"168","108787","0","true"
"169","109787","0","true"
"170","110787","0","true"
"171","111787","0","true"
"172","112787","0","true"
"173","113787","0","true"
"174","114787","0","true"
"175","115787","0","true"
"176","116787","0","true"
"177","117787","0","true"
"178","118787","0","true"
"179","119787","0","true"
"180","120787","0","true"
"181","121787","0","true"
"182","122787","0","true"
"183","123787","0","true"
"184","124787","0","true"
"185","125787","0","true"
"186","126787","0","true"
"187","127787","0","true"
"188","128787","0","true"
"189","129787","0","true"
"190","130787","0","true"
"191","131787","0","true"
"192","132787","0","true"
"193","133787","0","true"
"194","134787","0","true"
"195","135787","0","true"
"196","136787","0","true"
"197","137787","0","true"
"198","138787","0","true"
"199","139787","0","true"
"200","140787","0","true"
"201","141787","0","true"
"202","142787","0","true"
"203","143787","0","true"
"204","144787","0","true"
"205","145787","0","true"
"206","146787","0","true"
"207","147787","0","true"
"208","148787","0","true"
"209","149787","0","true"
"210","150787","0","true"
"211","151787","0","true"
"212","152787","0","true"
"213","153787","0","true"
"214","154787","0","true"
"215","155787","0","true"
"216","156787","0","true"
"217","157787","0","true"
"218","158787","0","true"
"219","159787","0","true"
"220","160787","0","true"
"221","161787","0","true"
"222","162787","0","true"
"223","163787","0","true"
"224","164787","0","true"
"225","165787","0","true"
"226","166787","0","true"
"227","167787","0","true"
"228","168787","0","true"
"229","169787","0","true"
"230","170787","0","true"
"231","171787","0","true"
"232","172787","0","true"
"233","173787","0","true"
"234","174787","0","true"
"235","175787","0","true"
"236","176787","0","true"
"237","177787","0","true"
"238","178787","0","true"
"239","179787","0","true"
"240","180787","0","true"
"241","181787","0","true"
"242","182787","0","true"
"243","183787","0","true"
"244","184787","0","true"
"245","185787","0","true"
"246","186787","0","true"
"247","187787","0","true"
"248","188787","0","true"
"249","189787","0","true"
"250","190787","0","true"
"251","191787","0","true"

"""pubUniversity3"""
"x min","x max","y min","y max","autoplot?","current pen","legend open?","number of pens"
"0","290","0","1070","true","""default""","false","1"

"pen name","pen down?","mode","interval","color","x"
"""default""","true","0","1","0","251"

"""default"""
"x","y","color","pen down?"
"0","0","0","true"
"1","1","0","true"
"2","2","0","true"
"3","4","0","true"
"4","5","0","true"
"5","7","0","true"
"6","8","0","true"
"7","8","0","true"
"8","10","0","true"
"9","10","0","true"
"10","11","0","true"
"11","12","0","true"
"12","13","0","true"
"13","13","0","true"
"14","14","0","true"
"15","17","0","true"
"16","17","0","true"
"17","19","0","true"
"18","19","0","true"
"19","21","0","true"
"20","22","0","true"
"21","24","0","true"
"22","26","0","true"
"23","27","0","true"
"24","28","0","true"
"25","29","0","true"
"26","32","0","true"
"27","33","0","true"
"28","34","0","true"
"29","34","0","true"
"30","37","0","true"
"31","39","0","true"
"32","43","0","true"
"33","44","0","true"
"34","47","0","true"
"35","50","0","true"
"36","53","0","true"
"37","54","0","true"
"38","57","0","true"
"39","58","0","true"
"40","60","0","true"
"41","61","0","true"
"42","62","0","true"
"43","63","0","true"
"44","66","0","true"
"45","67","0","true"
"46","71","0","true"
"47","73","0","true"
"48","74","0","true"
"49","75","0","true"
"50","76","0","true"
"51","79","0","true"
"52","80","0","true"
"53","81","0","true"
"54","82","0","true"
"55","83","0","true"
"56","85","0","true"
"57","86","0","true"
"58","88","0","true"
"59","89","0","true"
"60","90","0","true"
"61","90","0","true"
"62","91","0","true"
"63","95","0","true"
"64","97","0","true"
"65","97","0","true"
"66","100","0","true"
"67","102","0","true"
"68","103","0","true"
"69","105","0","true"
"70","108","0","true"
"71","111","0","true"
"72","113","0","true"
"73","114","0","true"
"74","115","0","true"
"75","116","0","true"
"76","119","0","true"
"77","123","0","true"
"78","124","0","true"
"79","124","0","true"
"80","128","0","true"
"81","133","0","true"
"82","136","0","true"
"83","138","0","true"
"84","138","0","true"
"85","139","0","true"
"86","140","0","true"
"87","143","0","true"
"88","148","0","true"
"89","151","0","true"
"90","153","0","true"
"91","154","0","true"
"92","154","0","true"
"93","157","0","true"
"94","159","0","true"
"95","160","0","true"
"96","163","0","true"
"97","168","0","true"
"98","172","0","true"
"99","172","0","true"
"100","177","0","true"
"101","182","0","true"
"102","186","0","true"
"103","188","0","true"
"104","191","0","true"
"105","193","0","true"
"106","194","0","true"
"107","198","0","true"
"108","199","0","true"
"109","202","0","true"
"110","204","0","true"
"111","207","0","true"
"112","212","0","true"
"113","215","0","true"
"114","218","0","true"
"115","220","0","true"
"116","223","0","true"
"117","226","0","true"
"118","229","0","true"
"119","237","0","true"
"120","241","0","true"
"121","246","0","true"
"122","246","0","true"
"123","247","0","true"
"124","249","0","true"
"125","251","0","true"
"126","252","0","true"
"127","253","0","true"
"128","255","0","true"
"129","255","0","true"
"130","260","0","true"
"131","264","0","true"
"132","266","0","true"
"133","274","0","true"
"134","277","0","true"
"135","281","0","true"
"136","284","0","true"
"137","286","0","true"
"138","290","0","true"
"139","296","0","true"
"140","298","0","true"
"141","301","0","true"
"142","303","0","true"
"143","305","0","true"
"144","311","0","true"
"145","317","0","true"
"146","321","0","true"
"147","323","0","true"
"148","329","0","true"
"149","333","0","true"
"150","336","0","true"
"151","342","0","true"
"152","346","0","true"
"153","350","0","true"
"154","353","0","true"
"155","359","0","true"
"156","361","0","true"
"157","364","0","true"
"158","371","0","true"
"159","373","0","true"
"160","374","0","true"
"161","376","0","true"
"162","377","0","true"
"163","382","0","true"
"164","387","0","true"
"165","391","0","true"
"166","395","0","true"
"167","403","0","true"
"168","407","0","true"
"169","411","0","true"
"170","415","0","true"
"171","424","0","true"
"172","427","0","true"
"173","428","0","true"
"174","431","0","true"
"175","436","0","true"
"176","439","0","true"
"177","448","0","true"
"178","455","0","true"
"179","458","0","true"
"180","465","0","true"
"181","472","0","true"
"182","477","0","true"
"183","479","0","true"
"184","486","0","true"
"185","491","0","true"
"186","496","0","true"
"187","502","0","true"
"188","508","0","true"
"189","514","0","true"
"190","520","0","true"
"191","525","0","true"
"192","534","0","true"
"193","541","0","true"
"194","546","0","true"
"195","548","0","true"
"196","553","0","true"
"197","558","0","true"
"198","566","0","true"
"199","571","0","true"
"200","576","0","true"
"201","579","0","true"
"202","588","0","true"
"203","594","0","true"
"204","599","0","true"
"205","603","0","true"
"206","607","0","true"
"207","617","0","true"
"208","624","0","true"
"209","631","0","true"
"210","638","0","true"
"211","641","0","true"
"212","651","0","true"
"213","664","0","true"
"214","671","0","true"
"215","676","0","true"
"216","683","0","true"
"217","689","0","true"
"218","691","0","true"
"219","702","0","true"
"220","714","0","true"
"221","721","0","true"
"222","732","0","true"
"223","737","0","true"
"224","749","0","true"
"225","754","0","true"
"226","763","0","true"
"227","774","0","true"
"228","783","0","true"
"229","790","0","true"
"230","795","0","true"
"231","804","0","true"
"232","809","0","true"
"233","817","0","true"
"234","828","0","true"
"235","837","0","true"
"236","846","0","true"
"237","857","0","true"
"238","864","0","true"
"239","868","0","true"
"240","877","0","true"
"241","882","0","true"
"242","893","0","true"
"243","904","0","true"
"244","915","0","true"
"245","926","0","true"
"246","940","0","true"
"247","952","0","true"
"248","962","0","true"
"249","975","0","true"
"250","984","0","true"
"251","1000","0","true"

"""pubUniversity4"""
"x min","x max","y min","y max","autoplot?","current pen","legend open?","number of pens"
"0","290","0","282","true","""default""","false","1"

"pen name","pen down?","mode","interval","color","x"
"""default""","true","0","1","0","251"

"""default"""
"x","y","color","pen down?"
"0","0","0","true"
"1","1","0","true"
"2","1","0","true"
"3","4","0","true"
"4","5","0","true"
"5","5","0","true"
"6","5","0","true"
"7","7","0","true"
"8","8","0","true"
"9","8","0","true"
"10","9","0","true"
"11","9","0","true"
"12","9","0","true"
"13","10","0","true"
"14","10","0","true"
"15","10","0","true"
"16","10","0","true"
"17","11","0","true"
"18","11","0","true"
"19","11","0","true"
"20","12","0","true"
"21","12","0","true"
"22","12","0","true"
"23","13","0","true"
"24","15","0","true"
"25","16","0","true"
"26","18","0","true"
"27","18","0","true"
"28","22","0","true"
"29","23","0","true"
"30","24","0","true"
"31","24","0","true"
"32","25","0","true"
"33","25","0","true"
"34","29","0","true"
"35","30","0","true"
"36","32","0","true"
"37","32","0","true"
"38","32","0","true"
"39","32","0","true"
"40","32","0","true"
"41","33","0","true"
"42","33","0","true"
"43","33","0","true"
"44","33","0","true"
"45","34","0","true"
"46","36","0","true"
"47","37","0","true"
"48","38","0","true"
"49","39","0","true"
"50","40","0","true"
"51","40","0","true"
"52","43","0","true"
"53","46","0","true"
"54","46","0","true"
"55","46","0","true"
"56","46","0","true"
"57","47","0","true"
"58","50","0","true"
"59","51","0","true"
"60","52","0","true"
"61","53","0","true"
"62","53","0","true"
"63","55","0","true"
"64","56","0","true"
"65","57","0","true"
"66","57","0","true"
"67","57","0","true"
"68","57","0","true"
"69","57","0","true"
"70","59","0","true"
"71","62","0","true"
"72","64","0","true"
"73","64","0","true"
"74","65","0","true"
"75","66","0","true"
"76","66","0","true"
"77","69","0","true"
"78","70","0","true"
"79","71","0","true"
"80","72","0","true"
"81","72","0","true"
"82","72","0","true"
"83","74","0","true"
"84","74","0","true"
"85","74","0","true"
"86","74","0","true"
"87","76","0","true"
"88","76","0","true"
"89","78","0","true"
"90","79","0","true"
"91","81","0","true"
"92","82","0","true"
"93","86","0","true"
"94","86","0","true"
"95","86","0","true"
"96","88","0","true"
"97","91","0","true"
"98","92","0","true"
"99","94","0","true"
"100","94","0","true"
"101","95","0","true"
"102","98","0","true"
"103","100","0","true"
"104","100","0","true"
"105","100","0","true"
"106","102","0","true"
"107","102","0","true"
"108","102","0","true"
"109","105","0","true"
"110","107","0","true"
"111","108","0","true"
"112","109","0","true"
"113","110","0","true"
"114","112","0","true"
"115","113","0","true"
"116","114","0","true"
"117","115","0","true"
"118","116","0","true"
"119","117","0","true"
"120","117","0","true"
"121","119","0","true"
"122","119","0","true"
"123","122","0","true"
"124","123","0","true"
"125","125","0","true"
"126","126","0","true"
"127","127","0","true"
"128","128","0","true"
"129","128","0","true"
"130","129","0","true"
"131","129","0","true"
"132","129","0","true"
"133","129","0","true"
"134","130","0","true"
"135","132","0","true"
"136","132","0","true"
"137","132","0","true"
"138","132","0","true"
"139","134","0","true"
"140","136","0","true"
"141","136","0","true"
"142","140","0","true"
"143","141","0","true"
"144","142","0","true"
"145","142","0","true"
"146","143","0","true"
"147","145","0","true"
"148","146","0","true"
"149","147","0","true"
"150","147","0","true"
"151","147","0","true"
"152","149","0","true"
"153","153","0","true"
"154","153","0","true"
"155","153","0","true"
"156","157","0","true"
"157","158","0","true"
"158","163","0","true"
"159","163","0","true"
"160","166","0","true"
"161","169","0","true"
"162","170","0","true"
"163","170","0","true"
"164","172","0","true"
"165","172","0","true"
"166","172","0","true"
"167","178","0","true"
"168","180","0","true"
"169","181","0","true"
"170","181","0","true"
"171","183","0","true"
"172","185","0","true"
"173","186","0","true"
"174","186","0","true"
"175","188","0","true"
"176","188","0","true"
"177","189","0","true"
"178","190","0","true"
"179","191","0","true"
"180","191","0","true"
"181","191","0","true"
"182","191","0","true"
"183","192","0","true"
"184","196","0","true"
"185","198","0","true"
"186","199","0","true"
"187","201","0","true"
"188","202","0","true"
"189","203","0","true"
"190","204","0","true"
"191","205","0","true"
"192","205","0","true"
"193","209","0","true"
"194","209","0","true"
"195","210","0","true"
"196","210","0","true"
"197","211","0","true"
"198","211","0","true"
"199","211","0","true"
"200","213","0","true"
"201","213","0","true"
"202","213","0","true"
"203","213","0","true"
"204","215","0","true"
"205","217","0","true"
"206","219","0","true"
"207","219","0","true"
"208","219","0","true"
"209","219","0","true"
"210","221","0","true"
"211","222","0","true"
"212","224","0","true"
"213","224","0","true"
"214","224","0","true"
"215","224","0","true"
"216","224","0","true"
"217","226","0","true"
"218","227","0","true"
"219","227","0","true"
"220","229","0","true"
"221","229","0","true"
"222","230","0","true"
"223","232","0","true"
"224","233","0","true"
"225","233","0","true"
"226","235","0","true"
"227","236","0","true"
"228","237","0","true"
"229","237","0","true"
"230","238","0","true"
"231","238","0","true"
"232","240","0","true"
"233","240","0","true"
"234","240","0","true"
"235","241","0","true"
"236","243","0","true"
"237","244","0","true"
"238","245","0","true"
"239","245","0","true"
"240","247","0","true"
"241","247","0","true"
"242","248","0","true"
"243","250","0","true"
"244","253","0","true"
"245","255","0","true"
"246","255","0","true"
"247","256","0","true"
"248","257","0","true"
"249","258","0","true"
"250","259","0","true"
"251","260","0","true"

"""pubUniversity5"""
"x min","x max","y min","y max","autoplot?","current pen","legend open?","number of pens"
"0","290","0","21100","true","""default""","false","1"

"pen name","pen down?","mode","interval","color","x"
"""default""","true","0","1","0","251"

"""default"""
"x","y","color","pen down?"
"0","0","0","true"
"1","0","0","true"
"2","0","0","true"
"3","1","0","true"
"4","1","0","true"
"5","2","0","true"
"6","2","0","true"
"7","2","0","true"
"8","2","0","true"
"9","3","0","true"
"10","4","0","true"
"11","4","0","true"
"12","4","0","true"
"13","4","0","true"
"14","4","0","true"
"15","4","0","true"
"16","5","0","true"
"17","5","0","true"
"18","5","0","true"
"19","5","0","true"
"20","5","0","true"
"21","8","0","true"
"22","10","0","true"
"23","11","0","true"
"24","12","0","true"
"25","12","0","true"
"26","13","0","true"
"27","14","0","true"
"28","14","0","true"
"29","15","0","true"
"30","20","0","true"
"31","21","0","true"
"32","25","0","true"
"33","28","0","true"
"34","32","0","true"
"35","42","0","true"
"36","49","0","true"
"37","54","0","true"
"38","57","0","true"
"39","59","0","true"
"40","65","0","true"
"41","74","0","true"
"42","80","0","true"
"43","89","0","true"
"44","98","0","true"
"45","110","0","true"
"46","127","0","true"
"47","137","0","true"
"48","152","0","true"
"49","165","0","true"
"50","174","0","true"
"51","197","0","true"
"52","227","0","true"
"53","247","0","true"
"54","277","0","true"
"55","311","0","true"
"56","345","0","true"
"57","381","0","true"
"58","416","0","true"
"59","463","0","true"
"60","511","0","true"
"61","565","0","true"
"62","626","0","true"
"63","702","0","true"
"64","778","0","true"
"65","861","0","true"
"66","950","0","true"
"67","1049","0","true"
"68","1149","0","true"
"69","1249","0","true"
"70","1349","0","true"
"71","1449","0","true"
"72","1549","0","true"
"73","1649","0","true"
"74","1749","0","true"
"75","1849","0","true"
"76","1949","0","true"
"77","2049","0","true"
"78","2149","0","true"
"79","2249","0","true"
"80","2349","0","true"
"81","2449","0","true"
"82","2549","0","true"
"83","2649","0","true"
"84","2749","0","true"
"85","2849","0","true"
"86","2949","0","true"
"87","3049","0","true"
"88","3149","0","true"
"89","3249","0","true"
"90","3349","0","true"
"91","3449","0","true"
"92","3549","0","true"
"93","3649","0","true"
"94","3749","0","true"
"95","3849","0","true"
"96","3949","0","true"
"97","4049","0","true"
"98","4149","0","true"
"99","4249","0","true"
"100","4349","0","true"
"101","4449","0","true"
"102","4549","0","true"
"103","4649","0","true"
"104","4749","0","true"
"105","4849","0","true"
"106","4949","0","true"
"107","5049","0","true"
"108","5149","0","true"
"109","5249","0","true"
"110","5349","0","true"
"111","5449","0","true"
"112","5549","0","true"
"113","5649","0","true"
"114","5749","0","true"
"115","5849","0","true"
"116","5949","0","true"
"117","6049","0","true"
"118","6149","0","true"
"119","6249","0","true"
"120","6349","0","true"
"121","6449","0","true"
"122","6549","0","true"
"123","6649","0","true"
"124","6749","0","true"
"125","6849","0","true"
"126","6949","0","true"
"127","7049","0","true"
"128","7149","0","true"
"129","7249","0","true"
"130","7349","0","true"
"131","7449","0","true"
"132","7549","0","true"
"133","7649","0","true"
"134","7749","0","true"
"135","7849","0","true"
"136","7949","0","true"
"137","8049","0","true"
"138","8149","0","true"
"139","8249","0","true"
"140","8349","0","true"
"141","8449","0","true"
"142","8549","0","true"
"143","8649","0","true"
"144","8749","0","true"
"145","8849","0","true"
"146","8949","0","true"
"147","9049","0","true"
"148","9149","0","true"
"149","9249","0","true"
"150","9349","0","true"
"151","9449","0","true"
"152","9549","0","true"
"153","9649","0","true"
"154","9749","0","true"
"155","9849","0","true"
"156","9949","0","true"
"157","10049","0","true"
"158","10149","0","true"
"159","10249","0","true"
"160","10349","0","true"
"161","10449","0","true"
"162","10549","0","true"
"163","10649","0","true"
"164","10749","0","true"
"165","10849","0","true"
"166","10949","0","true"
"167","11049","0","true"
"168","11149","0","true"
"169","11249","0","true"
"170","11349","0","true"
"171","11449","0","true"
"172","11549","0","true"
"173","11649","0","true"
"174","11749","0","true"
"175","11849","0","true"
"176","11949","0","true"
"177","12049","0","true"
"178","12149","0","true"
"179","12249","0","true"
"180","12349","0","true"
"181","12449","0","true"
"182","12549","0","true"
"183","12649","0","true"
"184","12749","0","true"
"185","12849","0","true"
"186","12949","0","true"
"187","13049","0","true"
"188","13149","0","true"
"189","13249","0","true"
"190","13349","0","true"
"191","13449","0","true"
"192","13549","0","true"
"193","13649","0","true"
"194","13749","0","true"
"195","13849","0","true"
"196","13949","0","true"
"197","14049","0","true"
"198","14149","0","true"
"199","14249","0","true"
"200","14349","0","true"
"201","14449","0","true"
"202","14549","0","true"
"203","14649","0","true"
"204","14749","0","true"
"205","14849","0","true"
"206","14949","0","true"
"207","15049","0","true"
"208","15149","0","true"
"209","15249","0","true"
"210","15349","0","true"
"211","15449","0","true"
"212","15549","0","true"
"213","15649","0","true"
"214","15749","0","true"
"215","15849","0","true"
"216","15949","0","true"
"217","16049","0","true"
"218","16149","0","true"
"219","16249","0","true"
"220","16349","0","true"
"221","16449","0","true"
"222","16549","0","true"
"223","16649","0","true"
"224","16749","0","true"
"225","16849","0","true"
"226","16949","0","true"
"227","17049","0","true"
"228","17149","0","true"
"229","17249","0","true"
"230","17349","0","true"
"231","17449","0","true"
"232","17549","0","true"
"233","17649","0","true"
"234","17749","0","true"
"235","17849","0","true"
"236","17949","0","true"
"237","18049","0","true"
"238","18149","0","true"
"239","18249","0","true"
"240","18349","0","true"
"241","18449","0","true"
"242","18549","0","true"
"243","18649","0","true"
"244","18749","0","true"
"245","18849","0","true"
"246","18949","0","true"
"247","19049","0","true"
"248","19149","0","true"
"249","19249","0","true"
"250","19349","0","true"
"251","19449","0","true"

"""pubUniversity6"""
"x min","x max","y min","y max","autoplot?","current pen","legend open?","number of pens"
"0","290","0","124","true","""default""","false","1"

"pen name","pen down?","mode","interval","color","x"
"""default""","true","0","1","0","251"

"""default"""
"x","y","color","pen down?"
"0","0","0","true"
"1","0","0","true"
"2","0","0","true"
"3","0","0","true"
"4","0","0","true"
"5","0","0","true"
"6","0","0","true"
"7","1","0","true"
"8","2","0","true"
"9","2","0","true"
"10","2","0","true"
"11","2","0","true"
"12","2","0","true"
"13","2","0","true"
"14","2","0","true"
"15","2","0","true"
"16","2","0","true"
"17","2","0","true"
"18","2","0","true"
"19","3","0","true"
"20","3","0","true"
"21","3","0","true"
"22","3","0","true"
"23","3","0","true"
"24","3","0","true"
"25","3","0","true"
"26","3","0","true"
"27","3","0","true"
"28","3","0","true"
"29","3","0","true"
"30","3","0","true"
"31","3","0","true"
"32","3","0","true"
"33","3","0","true"
"34","3","0","true"
"35","3","0","true"
"36","3","0","true"
"37","3","0","true"
"38","3","0","true"
"39","3","0","true"
"40","3","0","true"
"41","3","0","true"
"42","3","0","true"
"43","3","0","true"
"44","4","0","true"
"45","4","0","true"
"46","4","0","true"
"47","4","0","true"
"48","5","0","true"
"49","5","0","true"
"50","5","0","true"
"51","6","0","true"
"52","6","0","true"
"53","6","0","true"
"54","7","0","true"
"55","7","0","true"
"56","7","0","true"
"57","7","0","true"
"58","7","0","true"
"59","7","0","true"
"60","7","0","true"
"61","8","0","true"
"62","8","0","true"
"63","8","0","true"
"64","8","0","true"
"65","8","0","true"
"66","8","0","true"
"67","9","0","true"
"68","9","0","true"
"69","9","0","true"
"70","9","0","true"
"71","9","0","true"
"72","9","0","true"
"73","9","0","true"
"74","10","0","true"
"75","10","0","true"
"76","11","0","true"
"77","11","0","true"
"78","11","0","true"
"79","11","0","true"
"80","11","0","true"
"81","11","0","true"
"82","12","0","true"
"83","12","0","true"
"84","14","0","true"
"85","14","0","true"
"86","14","0","true"
"87","14","0","true"
"88","15","0","true"
"89","15","0","true"
"90","15","0","true"
"91","15","0","true"
"92","15","0","true"
"93","15","0","true"
"94","15","0","true"
"95","15","0","true"
"96","15","0","true"
"97","15","0","true"
"98","16","0","true"
"99","16","0","true"
"100","17","0","true"
"101","17","0","true"
"102","17","0","true"
"103","18","0","true"
"104","18","0","true"
"105","19","0","true"
"106","19","0","true"
"107","21","0","true"
"108","21","0","true"
"109","21","0","true"
"110","22","0","true"
"111","22","0","true"
"112","23","0","true"
"113","24","0","true"
"114","24","0","true"
"115","24","0","true"
"116","24","0","true"
"117","24","0","true"
"118","25","0","true"
"119","26","0","true"
"120","26","0","true"
"121","26","0","true"
"122","26","0","true"
"123","26","0","true"
"124","27","0","true"
"125","27","0","true"
"126","27","0","true"
"127","27","0","true"
"128","29","0","true"
"129","30","0","true"
"130","30","0","true"
"131","31","0","true"
"132","32","0","true"
"133","33","0","true"
"134","33","0","true"
"135","33","0","true"
"136","33","0","true"
"137","34","0","true"
"138","34","0","true"
"139","34","0","true"
"140","35","0","true"
"141","35","0","true"
"142","35","0","true"
"143","36","0","true"
"144","37","0","true"
"145","37","0","true"
"146","38","0","true"
"147","39","0","true"
"148","39","0","true"
"149","39","0","true"
"150","41","0","true"
"151","42","0","true"
"152","44","0","true"
"153","45","0","true"
"154","45","0","true"
"155","45","0","true"
"156","46","0","true"
"157","46","0","true"
"158","47","0","true"
"159","47","0","true"
"160","47","0","true"
"161","48","0","true"
"162","49","0","true"
"163","49","0","true"
"164","49","0","true"
"165","50","0","true"
"166","50","0","true"
"167","50","0","true"
"168","50","0","true"
"169","50","0","true"
"170","52","0","true"
"171","52","0","true"
"172","52","0","true"
"173","53","0","true"
"174","56","0","true"
"175","56","0","true"
"176","57","0","true"
"177","58","0","true"
"178","59","0","true"
"179","60","0","true"
"180","61","0","true"
"181","62","0","true"
"182","62","0","true"
"183","63","0","true"
"184","64","0","true"
"185","64","0","true"
"186","64","0","true"
"187","64","0","true"
"188","64","0","true"
"189","64","0","true"
"190","65","0","true"
"191","65","0","true"
"192","65","0","true"
"193","66","0","true"
"194","66","0","true"
"195","67","0","true"
"196","68","0","true"
"197","68","0","true"
"198","69","0","true"
"199","69","0","true"
"200","72","0","true"
"201","73","0","true"
"202","73","0","true"
"203","74","0","true"
"204","74","0","true"
"205","76","0","true"
"206","76","0","true"
"207","77","0","true"
"208","77","0","true"
"209","77","0","true"
"210","77","0","true"
"211","78","0","true"
"212","79","0","true"
"213","79","0","true"
"214","80","0","true"
"215","81","0","true"
"216","82","0","true"
"217","82","0","true"
"218","83","0","true"
"219","85","0","true"
"220","86","0","true"
"221","86","0","true"
"222","86","0","true"
"223","86","0","true"
"224","88","0","true"
"225","90","0","true"
"226","91","0","true"
"227","91","0","true"
"228","93","0","true"
"229","94","0","true"
"230","95","0","true"
"231","95","0","true"
"232","98","0","true"
"233","98","0","true"
"234","99","0","true"
"235","100","0","true"
"236","101","0","true"
"237","103","0","true"
"238","105","0","true"
"239","105","0","true"
"240","106","0","true"
"241","107","0","true"
"242","108","0","true"
"243","109","0","true"
"244","110","0","true"
"245","113","0","true"
"246","113","0","true"
"247","115","0","true"
"248","115","0","true"
"249","115","0","true"
"250","116","0","true"
"251","116","0","true"

"""pubUniversity7"""
"x min","x max","y min","y max","autoplot?","current pen","legend open?","number of pens"
"0","290","0","25.3","true","""default""","false","1"

"pen name","pen down?","mode","interval","color","x"
"""default""","true","0","1","0","251"

"""default"""
"x","y","color","pen down?"
"0","0","0","true"
"1","0","0","true"
"2","0","0","true"
"3","0","0","true"
"4","0","0","true"
"5","0","0","true"
"6","0","0","true"
"7","0","0","true"
"8","0","0","true"
"9","0","0","true"
"10","0","0","true"
"11","0","0","true"
"12","0","0","true"
"13","0","0","true"
"14","1","0","true"
"15","1","0","true"
"16","1","0","true"
"17","1","0","true"
"18","2","0","true"
"19","2","0","true"
"20","2","0","true"
"21","2","0","true"
"22","2","0","true"
"23","2","0","true"
"24","2","0","true"
"25","2","0","true"
"26","3","0","true"
"27","3","0","true"
"28","3","0","true"
"29","3","0","true"
"30","3","0","true"
"31","3","0","true"
"32","3","0","true"
"33","3","0","true"
"34","3","0","true"
"35","3","0","true"
"36","3","0","true"
"37","3","0","true"
"38","3","0","true"
"39","3","0","true"
"40","3","0","true"
"41","3","0","true"
"42","3","0","true"
"43","3","0","true"
"44","3","0","true"
"45","3","0","true"
"46","3","0","true"
"47","3","0","true"
"48","3","0","true"
"49","4","0","true"
"50","4","0","true"
"51","4","0","true"
"52","4","0","true"
"53","4","0","true"
"54","4","0","true"
"55","4","0","true"
"56","5","0","true"
"57","5","0","true"
"58","5","0","true"
"59","5","0","true"
"60","5","0","true"
"61","5","0","true"
"62","5","0","true"
"63","5","0","true"
"64","6","0","true"
"65","6","0","true"
"66","6","0","true"
"67","7","0","true"
"68","7","0","true"
"69","7","0","true"
"70","7","0","true"
"71","8","0","true"
"72","8","0","true"
"73","8","0","true"
"74","8","0","true"
"75","8","0","true"
"76","8","0","true"
"77","8","0","true"
"78","8","0","true"
"79","8","0","true"
"80","8","0","true"
"81","8","0","true"
"82","8","0","true"
"83","8","0","true"
"84","8","0","true"
"85","8","0","true"
"86","9","0","true"
"87","9","0","true"
"88","9","0","true"
"89","9","0","true"
"90","9","0","true"
"91","9","0","true"
"92","9","0","true"
"93","9","0","true"
"94","9","0","true"
"95","9","0","true"
"96","9","0","true"
"97","9","0","true"
"98","9","0","true"
"99","9","0","true"
"100","9","0","true"
"101","9","0","true"
"102","9","0","true"
"103","9","0","true"
"104","9","0","true"
"105","10","0","true"
"106","10","0","true"
"107","11","0","true"
"108","11","0","true"
"109","11","0","true"
"110","12","0","true"
"111","12","0","true"
"112","12","0","true"
"113","12","0","true"
"114","12","0","true"
"115","12","0","true"
"116","12","0","true"
"117","12","0","true"
"118","12","0","true"
"119","12","0","true"
"120","12","0","true"
"121","12","0","true"
"122","12","0","true"
"123","13","0","true"
"124","13","0","true"
"125","13","0","true"
"126","13","0","true"
"127","13","0","true"
"128","14","0","true"
"129","14","0","true"
"130","14","0","true"
"131","14","0","true"
"132","14","0","true"
"133","14","0","true"
"134","14","0","true"
"135","14","0","true"
"136","14","0","true"
"137","14","0","true"
"138","14","0","true"
"139","14","0","true"
"140","14","0","true"
"141","14","0","true"
"142","14","0","true"
"143","14","0","true"
"144","14","0","true"
"145","14","0","true"
"146","14","0","true"
"147","14","0","true"
"148","15","0","true"
"149","15","0","true"
"150","15","0","true"
"151","15","0","true"
"152","15","0","true"
"153","16","0","true"
"154","16","0","true"
"155","16","0","true"
"156","16","0","true"
"157","16","0","true"
"158","16","0","true"
"159","16","0","true"
"160","16","0","true"
"161","18","0","true"
"162","18","0","true"
"163","18","0","true"
"164","18","0","true"
"165","19","0","true"
"166","19","0","true"
"167","19","0","true"
"168","19","0","true"
"169","19","0","true"
"170","19","0","true"
"171","19","0","true"
"172","20","0","true"
"173","20","0","true"
"174","20","0","true"
"175","20","0","true"
"176","20","0","true"
"177","20","0","true"
"178","20","0","true"
"179","20","0","true"
"180","20","0","true"
"181","20","0","true"
"182","20","0","true"
"183","20","0","true"
"184","21","0","true"
"185","21","0","true"
"186","21","0","true"
"187","21","0","true"
"188","21","0","true"
"189","21","0","true"
"190","21","0","true"
"191","21","0","true"
"192","22","0","true"
"193","22","0","true"
"194","22","0","true"
"195","22","0","true"
"196","22","0","true"
"197","22","0","true"
"198","22","0","true"
"199","22","0","true"
"200","22","0","true"
"201","22","0","true"
"202","22","0","true"
"203","22","0","true"
"204","22","0","true"
"205","22","0","true"
"206","22","0","true"
"207","22","0","true"
"208","22","0","true"
"209","22","0","true"
"210","23","0","true"
"211","24","0","true"
"212","24","0","true"
"213","24","0","true"
"214","24","0","true"
"215","24","0","true"
"216","24","0","true"
"217","24","0","true"
"218","24","0","true"
"219","24","0","true"
"220","24","0","true"
"221","24","0","true"
"222","24","0","true"
"223","24","0","true"
"224","25","0","true"
"225","25","0","true"
"226","25","0","true"
"227","25","0","true"
"228","25","0","true"
"229","25","0","true"
"230","25","0","true"
"231","25","0","true"
"232","25","0","true"
"233","25","0","true"
"234","25","0","true"
"235","25","0","true"
"236","25","0","true"
"237","25","0","true"
"238","25","0","true"
"239","25","0","true"
"240","25","0","true"
"241","25","0","true"
"242","25","0","true"
"243","25","0","true"
"244","25","0","true"
"245","25","0","true"
"246","25","0","true"
"247","25","0","true"
"248","25","0","true"
"249","25","0","true"
"250","25","0","true"
"251","25","0","true"

"""pubUniversity8"""
"x min","x max","y min","y max","autoplot?","current pen","legend open?","number of pens"
"0","290","0","44","true","""default""","false","1"

"pen name","pen down?","mode","interval","color","x"
"""default""","true","0","1","0","251"

"""default"""
"x","y","color","pen down?"
"0","0","0","true"
"1","1","0","true"
"2","1","0","true"
"3","1","0","true"
"4","1","0","true"
"5","1","0","true"
"6","1","0","true"
"7","1","0","true"
"8","1","0","true"
"9","1","0","true"
"10","2","0","true"
"11","2","0","true"
"12","2","0","true"
"13","2","0","true"
"14","2","0","true"
"15","2","0","true"
"16","2","0","true"
"17","3","0","true"
"18","3","0","true"
"19","3","0","true"
"20","4","0","true"
"21","4","0","true"
"22","4","0","true"
"23","4","0","true"
"24","4","0","true"
"25","4","0","true"
"26","4","0","true"
"27","4","0","true"
"28","4","0","true"
"29","6","0","true"
"30","6","0","true"
"31","7","0","true"
"32","7","0","true"
"33","8","0","true"
"34","8","0","true"
"35","8","0","true"
"36","8","0","true"
"37","8","0","true"
"38","8","0","true"
"39","8","0","true"
"40","8","0","true"
"41","8","0","true"
"42","8","0","true"
"43","8","0","true"
"44","8","0","true"
"45","9","0","true"
"46","9","0","true"
"47","9","0","true"
"48","9","0","true"
"49","10","0","true"
"50","10","0","true"
"51","10","0","true"
"52","10","0","true"
"53","10","0","true"
"54","10","0","true"
"55","10","0","true"
"56","10","0","true"
"57","10","0","true"
"58","10","0","true"
"59","10","0","true"
"60","10","0","true"
"61","11","0","true"
"62","11","0","true"
"63","11","0","true"
"64","12","0","true"
"65","12","0","true"
"66","12","0","true"
"67","12","0","true"
"68","13","0","true"
"69","13","0","true"
"70","14","0","true"
"71","14","0","true"
"72","14","0","true"
"73","14","0","true"
"74","14","0","true"
"75","14","0","true"
"76","14","0","true"
"77","14","0","true"
"78","15","0","true"
"79","16","0","true"
"80","16","0","true"
"81","16","0","true"
"82","16","0","true"
"83","16","0","true"
"84","16","0","true"
"85","16","0","true"
"86","16","0","true"
"87","16","0","true"
"88","16","0","true"
"89","16","0","true"
"90","16","0","true"
"91","17","0","true"
"92","17","0","true"
"93","17","0","true"
"94","17","0","true"
"95","17","0","true"
"96","17","0","true"
"97","17","0","true"
"98","17","0","true"
"99","17","0","true"
"100","18","0","true"
"101","19","0","true"
"102","19","0","true"
"103","19","0","true"
"104","19","0","true"
"105","19","0","true"
"106","19","0","true"
"107","19","0","true"
"108","19","0","true"
"109","19","0","true"
"110","19","0","true"
"111","19","0","true"
"112","19","0","true"
"113","19","0","true"
"114","19","0","true"
"115","19","0","true"
"116","19","0","true"
"117","20","0","true"
"118","20","0","true"
"119","20","0","true"
"120","21","0","true"
"121","21","0","true"
"122","21","0","true"
"123","21","0","true"
"124","21","0","true"
"125","21","0","true"
"126","21","0","true"
"127","21","0","true"
"128","21","0","true"
"129","21","0","true"
"130","21","0","true"
"131","21","0","true"
"132","22","0","true"
"133","22","0","true"
"134","22","0","true"
"135","22","0","true"
"136","23","0","true"
"137","23","0","true"
"138","23","0","true"
"139","23","0","true"
"140","23","0","true"
"141","23","0","true"
"142","23","0","true"
"143","23","0","true"
"144","23","0","true"
"145","23","0","true"
"146","23","0","true"
"147","23","0","true"
"148","23","0","true"
"149","23","0","true"
"150","23","0","true"
"151","23","0","true"
"152","23","0","true"
"153","23","0","true"
"154","23","0","true"
"155","23","0","true"
"156","23","0","true"
"157","23","0","true"
"158","23","0","true"
"159","24","0","true"
"160","24","0","true"
"161","24","0","true"
"162","25","0","true"
"163","26","0","true"
"164","26","0","true"
"165","26","0","true"
"166","26","0","true"
"167","26","0","true"
"168","26","0","true"
"169","26","0","true"
"170","26","0","true"
"171","26","0","true"
"172","26","0","true"
"173","26","0","true"
"174","26","0","true"
"175","26","0","true"
"176","26","0","true"
"177","26","0","true"
"178","26","0","true"
"179","26","0","true"
"180","27","0","true"
"181","27","0","true"
"182","27","0","true"
"183","27","0","true"
"184","27","0","true"
"185","27","0","true"
"186","27","0","true"
"187","27","0","true"
"188","27","0","true"
"189","27","0","true"
"190","27","0","true"
"191","27","0","true"
"192","27","0","true"
"193","27","0","true"
"194","27","0","true"
"195","27","0","true"
"196","27","0","true"
"197","27","0","true"
"198","27","0","true"
"199","28","0","true"
"200","28","0","true"
"201","28","0","true"
"202","28","0","true"
"203","28","0","true"
"204","28","0","true"
"205","28","0","true"
"206","28","0","true"
"207","28","0","true"
"208","29","0","true"
"209","30","0","true"
"210","30","0","true"
"211","30","0","true"
"212","30","0","true"
"213","30","0","true"
"214","30","0","true"
"215","31","0","true"
"216","31","0","true"
"217","31","0","true"
"218","32","0","true"
"219","32","0","true"
"220","32","0","true"
"221","33","0","true"
"222","33","0","true"
"223","35","0","true"
"224","36","0","true"
"225","36","0","true"
"226","36","0","true"
"227","36","0","true"
"228","36","0","true"
"229","36","0","true"
"230","37","0","true"
"231","38","0","true"
"232","38","0","true"
"233","38","0","true"
"234","38","0","true"
"235","38","0","true"
"236","38","0","true"
"237","38","0","true"
"238","38","0","true"
"239","38","0","true"
"240","38","0","true"
"241","38","0","true"
"242","38","0","true"
"243","40","0","true"
"244","40","0","true"
"245","40","0","true"
"246","40","0","true"
"247","40","0","true"
"248","40","0","true"
"249","40","0","true"
"250","40","0","true"
"251","40","0","true"

"""probabilityUniversity1"""
"x min","x max","y min","y max","autoplot?","current pen","legend open?","number of pens"
"0","290","0","103","true","""default""","false","1"

"pen name","pen down?","mode","interval","color","x"
"""default""","true","0","1","0","251"

"""default"""
"x","y","color","pen down?"
"0","0.001","0","true"
"1","0.003","0","true"
"2","0.009000000000000001","0","true"
"3","0.024000000000000014","0","true"
"4","0.06700000000000005","0","true"
"5","0.18100000000000013","0","true"
"6","0.4830000000000004","0","true"
"7","1.2739999999999705","0","true"
"8","2.2739999999998606","0","true"
"9","3.2739999999997504","0","true"
"10","4.273999999999762","0","true"
"11","5.274000000000096","0","true"
"12","6.27400000000043","0","true"
"13","7.274000000000764","0","true"
"14","8.274000000000854","0","true"
"15","9.2740000000003","0","true"
"16","10.273999999999745","0","true"
"17","11.273999999999191","0","true"
"18","12.273999999998637","0","true"
"19","13.273999999998082","0","true"
"20","14.273999999997528","0","true"
"21","15.273999999996974","0","true"
"22","16.273999999996906","0","true"
"23","17.27399999999813","0","true"
"24","18.27399999999935","0","true"
"25","19.274000000000573","0","true"
"26","20.274000000001795","0","true"
"27","21.274000000003017","0","true"
"28","22.27400000000424","0","true"
"29","23.27400000000546","0","true"
"30","24.274000000006684","0","true"
"31","25.274000000007906","0","true"
"32","26.274000000009128","0","true"
"33","27.27400000001035","0","true"
"34","28.274000000011572","0","true"
"35","29.274000000012794","0","true"
"36","30.274000000014016","0","true"
"37","31.27400000001524","0","true"
"38","32.274000000015484","0","true"
"39","33.27400000001315","0","true"
"40","34.27400000001082","0","true"
"41","35.27400000000849","0","true"
"42","36.27400000000616","0","true"
"43","37.27400000000383","0","true"
"44","38.2740000000015","0","true"
"45","39.27399999999917","0","true"
"46","40.27399999999684","0","true"
"47","41.27399999999451","0","true"
"48","42.27399999999218","0","true"
"49","43.27399999998985","0","true"
"50","44.27399999998752","0","true"
"51","45.273999999985186","0","true"
"52","46.273999999982856","0","true"
"53","47.273999999980525","0","true"
"54","48.273999999978194","0","true"
"55","49.273999999975864","0","true"
"56","50.27399999997353","0","true"
"57","51.2739999999712","0","true"
"58","52.27399999996887","0","true"
"59","53.27399999996654","0","true"
"60","54.27399999996421","0","true"
"61","55.27399999996188","0","true"
"62","56.27399999995955","0","true"
"63","57.27399999995722","0","true"
"64","58.27399999995489","0","true"
"65","59.27399999995256","0","true"
"66","60.27399999995023","0","true"
"67","61.2739999999479","0","true"
"68","62.273999999945566","0","true"
"69","63.273999999943236","0","true"
"70","64.27399999994284","0","true"
"71","65.27399999994762","0","true"
"72","66.2739999999524","0","true"
"73","67.27399999995717","0","true"
"74","68.27399999996194","0","true"
"75","69.27399999996672","0","true"
"76","70.2739999999715","0","true"
"77","71.27399999997627","0","true"
"78","72.27399999998104","0","true"
"79","73.27399999998582","0","true"
"80","74.2739999999906","0","true"
"81","75.27399999999537","0","true"
"82","76.27400000000014","0","true"
"83","77.27400000000492","0","true"
"84","78.27400000000969","0","true"
"85","79.27400000001447","0","true"
"86","80.27400000001924","0","true"
"87","81.27400000002402","0","true"
"88","82.27400000002879","0","true"
"89","83.27400000003357","0","true"
"90","84.27400000003834","0","true"
"91","85.27400000004312","0","true"
"92","86.27400000004789","0","true"
"93","87.27400000005267","0","true"
"94","88.27400000005744","0","true"
"95","89.27400000006222","0","true"
"96","90.27400000006699","0","true"
"97","91.27400000007177","0","true"
"98","92.27400000007654","0","true"
"99","93.27400000008132","0","true"
"100","94.27400000008609","0","true"
"101","95.27400000009087","0","true"
"102","96.27400000009564","0","true"
"103","97.27400000010041","0","true"
"104","98.27400000010519","0","true"
"105","99.27400000010996","0","true"
"106","99.99900000011343","0","true"
"107","99.99900000011343","0","true"
"108","99.99900000011343","0","true"
"109","99.99900000011343","0","true"
"110","99.99900000011343","0","true"
"111","99.99900000011343","0","true"
"112","99.99900000011343","0","true"
"113","99.99900000011343","0","true"
"114","99.99900000011343","0","true"
"115","99.99900000011343","0","true"
"116","99.99900000011343","0","true"
"117","99.99900000011343","0","true"
"118","99.99900000011343","0","true"
"119","99.99900000011343","0","true"
"120","99.99900000011343","0","true"
"121","99.99900000011343","0","true"
"122","99.99900000011343","0","true"
"123","99.99900000011343","0","true"
"124","99.99900000011343","0","true"
"125","99.99900000011343","0","true"
"126","99.99900000011343","0","true"
"127","99.99900000011343","0","true"
"128","99.99900000011343","0","true"
"129","99.99900000011343","0","true"
"130","99.99900000011343","0","true"
"131","99.99900000011343","0","true"
"132","99.99900000011343","0","true"
"133","99.99900000011343","0","true"
"134","99.99900000011343","0","true"
"135","99.99900000011343","0","true"
"136","99.99900000011343","0","true"
"137","99.99900000011343","0","true"
"138","99.99900000011343","0","true"
"139","99.99900000011343","0","true"
"140","99.99900000011343","0","true"
"141","99.99900000011343","0","true"
"142","99.99900000011343","0","true"
"143","99.99900000011343","0","true"
"144","99.99900000011343","0","true"
"145","99.99900000011343","0","true"
"146","99.99900000011343","0","true"
"147","99.99900000011343","0","true"
"148","99.99900000011343","0","true"
"149","99.99900000011343","0","true"
"150","99.99900000011343","0","true"
"151","99.99900000011343","0","true"
"152","99.99900000011343","0","true"
"153","99.99900000011343","0","true"
"154","99.99900000011343","0","true"
"155","99.99900000011343","0","true"
"156","99.99900000011343","0","true"
"157","99.99900000011343","0","true"
"158","99.99900000011343","0","true"
"159","99.99900000011343","0","true"
"160","99.99900000011343","0","true"
"161","99.99900000011343","0","true"
"162","99.99900000011343","0","true"
"163","99.99900000011343","0","true"
"164","99.99900000011343","0","true"
"165","99.99900000011343","0","true"
"166","99.99900000011343","0","true"
"167","99.99900000011343","0","true"
"168","99.99900000011343","0","true"
"169","99.99900000011343","0","true"
"170","99.99900000011343","0","true"
"171","99.99900000011343","0","true"
"172","99.99900000011343","0","true"
"173","99.99900000011343","0","true"
"174","99.99900000011343","0","true"
"175","99.99900000011343","0","true"
"176","99.99900000011343","0","true"
"177","99.99900000011343","0","true"
"178","99.99900000011343","0","true"
"179","99.99900000011343","0","true"
"180","99.99900000011343","0","true"
"181","99.99900000011343","0","true"
"182","99.99900000011343","0","true"
"183","99.99900000011343","0","true"
"184","99.99900000011343","0","true"
"185","99.99900000011343","0","true"
"186","99.99900000011343","0","true"
"187","99.99900000011343","0","true"
"188","99.99900000011343","0","true"
"189","99.99900000011343","0","true"
"190","99.99900000011343","0","true"
"191","99.99900000011343","0","true"
"192","99.99900000011343","0","true"
"193","99.99900000011343","0","true"
"194","99.99900000011343","0","true"
"195","99.99900000011343","0","true"
"196","99.99900000011343","0","true"
"197","99.99900000011343","0","true"
"198","99.99900000011343","0","true"
"199","99.99900000011343","0","true"
"200","99.99900000011343","0","true"
"201","99.99900000011343","0","true"
"202","99.99900000011343","0","true"
"203","99.99900000011343","0","true"
"204","99.99900000011343","0","true"
"205","99.99900000011343","0","true"
"206","99.99900000011343","0","true"
"207","99.99900000011343","0","true"
"208","99.99900000011343","0","true"
"209","99.99900000011343","0","true"
"210","99.99900000011343","0","true"
"211","99.99900000011343","0","true"
"212","99.99900000011343","0","true"
"213","99.99900000011343","0","true"
"214","99.99900000011343","0","true"
"215","99.99900000011343","0","true"
"216","99.99900000011343","0","true"
"217","99.99900000011343","0","true"
"218","99.99900000011343","0","true"
"219","99.99900000011343","0","true"
"220","99.99900000011343","0","true"
"221","99.99900000011343","0","true"
"222","99.99900000011343","0","true"
"223","99.99900000011343","0","true"
"224","99.99900000011343","0","true"
"225","99.99900000011343","0","true"
"226","99.99900000011343","0","true"
"227","99.99900000011343","0","true"
"228","99.99900000011343","0","true"
"229","99.99900000011343","0","true"
"230","99.99900000011343","0","true"
"231","99.99900000011343","0","true"
"232","99.99900000011343","0","true"
"233","99.99900000011343","0","true"
"234","99.99900000011343","0","true"
"235","99.99900000011343","0","true"
"236","99.99900000011343","0","true"
"237","99.99900000011343","0","true"
"238","99.99900000011343","0","true"
"239","99.99900000011343","0","true"
"240","99.99900000011343","0","true"
"241","99.99900000011343","0","true"
"242","99.99900000011343","0","true"
"243","99.99900000011343","0","true"
"244","99.99900000011343","0","true"
"245","99.99900000011343","0","true"
"246","99.99900000011343","0","true"
"247","99.99900000011343","0","true"
"248","99.99900000011343","0","true"
"249","99.99900000011343","0","true"
"250","99.99900000011343","0","true"
"251","99.99900000011343","0","true"

"""probabilityUniversity2"""
"x min","x max","y min","y max","autoplot?","current pen","legend open?","number of pens"
"0","290","0","20.2","true","""default""","false","1"

"pen name","pen down?","mode","interval","color","x"
"""default""","true","0","1","0","251"

"""default"""
"x","y","color","pen down?"
"0","0.001","0","true"
"1","0.0011","0","true"
"2","0.0011","0","true"
"3","0.0014000000000000002","0","true"
"4","0.0016000000000000003","0","true"
"5","0.0018000000000000004","0","true"
"6","0.0019000000000000004","0","true"
"7","0.0022","0","true"
"8","0.0022","0","true"
"9","0.0024","0","true"
"10","0.0026999999999999993","0","true"
"11","0.0029999999999999988","0","true"
"12","0.0030999999999999986","0","true"
"13","0.003399999999999998","0","true"
"14","0.0039999999999999975","0","true"
"15","0.0043999999999999985","0","true"
"16","0.0051","0","true"
"17","0.005500000000000001","0","true"
"18","0.006500000000000004","0","true"
"19","0.006900000000000005","0","true"
"20","0.008300000000000005","0","true"
"21","0.009399999999999999","0","true"
"22","0.010199999999999994","0","true"
"23","0.01069999999999999","0","true"
"24","0.011899999999999984","0","true"
"25","0.013099999999999976","0","true"
"26","0.014299999999999969","0","true"
"27","0.015599999999999961","0","true"
"28","0.016699999999999954","0","true"
"29","0.018699999999999942","0","true"
"30","0.02099999999999993","0","true"
"31","0.023199999999999915","0","true"
"32","0.025399999999999902","0","true"
"33","0.02759999999999989","0","true"
"34","0.03039999999999987","0","true"
"35","0.032899999999999915","0","true"
"36","0.03690000000000003","0","true"
"37","0.04040000000000013","0","true"
"38","0.043700000000000225","0","true"
"39","0.047600000000000336","0","true"
"40","0.05250000000000048","0","true"
"41","0.05960000000000068","0","true"
"42","0.06630000000000087","0","true"
"43","0.07330000000000107","0","true"
"44","0.0810000000000013","0","true"
"45","0.09050000000000157","0","true"
"46","0.10000000000000184","0","true"
"47","0.11000000000000212","0","true"
"48","0.12200000000000247","0","true"
"49","0.13340000000000163","0","true"
"50","0.14770000000000005","0","true"
"51","0.1636999999999983","0","true"
"52","0.18059999999999643","0","true"
"53","0.19859999999999445","0","true"
"54","0.22059999999999202","0","true"
"55","0.24409999999998944","0","true"
"56","0.27119999999998645","0","true"
"57","0.2960999999999837","0","true"
"58","0.32739999999998026","0","true"
"59","0.36119999999997654","0","true"
"60","0.3985999999999724","0","true"
"61","0.4394999999999679","0","true"
"62","0.48649999999996274","0","true"
"63","0.538599999999957","0","true"
"64","0.5947999999999508","0","true"
"65","0.6576999999999439","0","true"
"66","0.7267999999999363","0","true"
"67","0.8010999999999281","0","true"
"68","0.8856999999999188","0","true"
"69","0.9798999999999084","0","true"
"70","1.0796999999998975","0","true"
"71","1.1796999999998865","0","true"
"72","1.2796999999998755","0","true"
"73","1.3796999999998645","0","true"
"74","1.4796999999998535","0","true"
"75","1.5796999999998425","0","true"
"76","1.6796999999998314","0","true"
"77","1.7796999999998204","0","true"
"78","1.8796999999998094","0","true"
"79","1.9796999999997984","0","true"
"80","2.0796999999999644","0","true"
"81","2.1797000000001754","0","true"
"82","2.2797000000003864","0","true"
"83","2.3797000000005974","0","true"
"84","2.4797000000008085","0","true"
"85","2.5797000000010195","0","true"
"86","2.6797000000012305","0","true"
"87","2.7797000000014416","0","true"
"88","2.8797000000016526","0","true"
"89","2.9797000000018636","0","true"
"90","3.0797000000020747","0","true"
"91","3.1797000000022857","0","true"
"92","3.2797000000024967","0","true"
"93","3.3797000000027078","0","true"
"94","3.479700000002919","0","true"
"95","3.57970000000313","0","true"
"96","3.679700000003341","0","true"
"97","3.779700000003552","0","true"
"98","3.879700000003763","0","true"
"99","3.979700000003974","0","true"
"100","4.079700000003831","0","true"
"101","4.1797000000035975","0","true"
"102","4.2797000000033645","0","true"
"103","4.379700000003131","0","true"
"104","4.479700000002898","0","true"
"105","4.579700000002665","0","true"
"106","4.679700000002432","0","true"
"107","4.779700000002199","0","true"
"108","4.879700000001966","0","true"
"109","4.979700000001733","0","true"
"110","5.0797000000015","0","true"
"111","5.179700000001267","0","true"
"112","5.279700000001034","0","true"
"113","5.379700000000801","0","true"
"114","5.479700000000568","0","true"
"115","5.579700000000335","0","true"
"116","5.679700000000102","0","true"
"117","5.779699999999869","0","true"
"118","5.8796999999996356","0","true"
"119","5.9796999999994025","0","true"
"120","6.079699999999169","0","true"
"121","6.179699999998936","0","true"
"122","6.279699999998703","0","true"
"123","6.37969999999847","0","true"
"124","6.479699999998237","0","true"
"125","6.579699999998004","0","true"
"126","6.679699999997771","0","true"
"127","6.779699999997538","0","true"
"128","6.879699999997305","0","true"
"129","6.979699999997072","0","true"
"130","7.079699999996839","0","true"
"131","7.179699999996606","0","true"
"132","7.279699999996373","0","true"
"133","7.37969999999614","0","true"
"134","7.479699999995907","0","true"
"135","7.579699999995674","0","true"
"136","7.6796999999954405","0","true"
"137","7.7796999999952074","0","true"
"138","7.879699999994974","0","true"
"139","7.979699999994741","0","true"
"140","8.079699999994508","0","true"
"141","8.179699999994275","0","true"
"142","8.279699999994042","0","true"
"143","8.379699999993809","0","true"
"144","8.479699999993576","0","true"
"145","8.579699999993343","0","true"
"146","8.67969999999311","0","true"
"147","8.779699999992877","0","true"
"148","8.879699999992644","0","true"
"149","8.97969999999241","0","true"
"150","9.079699999992178","0","true"
"151","9.179699999991945","0","true"
"152","9.279699999991712","0","true"
"153","9.379699999991479","0","true"
"154","9.479699999991245","0","true"
"155","9.579699999991012","0","true"
"156","9.67969999999078","0","true"
"157","9.779699999990546","0","true"
"158","9.879699999990313","0","true"
"159","9.97969999999008","0","true"
"160","10.079699999989847","0","true"
"161","10.179699999989614","0","true"
"162","10.279699999989381","0","true"
"163","10.379699999989148","0","true"
"164","10.479699999988915","0","true"
"165","10.579699999988682","0","true"
"166","10.679699999988449","0","true"
"167","10.779699999988216","0","true"
"168","10.879699999987983","0","true"
"169","10.97969999998775","0","true"
"170","11.079699999987517","0","true"
"171","11.179699999987283","0","true"
"172","11.27969999998705","0","true"
"173","11.379699999986817","0","true"
"174","11.479699999986584","0","true"
"175","11.579699999986351","0","true"
"176","11.679699999986118","0","true"
"177","11.779699999985885","0","true"
"178","11.879699999985652","0","true"
"179","11.979699999985419","0","true"
"180","12.079699999985186","0","true"
"181","12.179699999984953","0","true"
"182","12.27969999998472","0","true"
"183","12.379699999984487","0","true"
"184","12.479699999984254","0","true"
"185","12.57969999998402","0","true"
"186","12.679699999983788","0","true"
"187","12.779699999983555","0","true"
"188","12.879699999983321","0","true"
"189","12.979699999983088","0","true"
"190","13.079699999982855","0","true"
"191","13.179699999982622","0","true"
"192","13.27969999998239","0","true"
"193","13.379699999982156","0","true"
"194","13.479699999981923","0","true"
"195","13.57969999998169","0","true"
"196","13.679699999981457","0","true"
"197","13.779699999981224","0","true"
"198","13.879699999980991","0","true"
"199","13.979699999980758","0","true"
"200","14.079699999980525","0","true"
"201","14.179699999980292","0","true"
"202","14.279699999980059","0","true"
"203","14.379699999979826","0","true"
"204","14.479699999979593","0","true"
"205","14.57969999997936","0","true"
"206","14.679699999979126","0","true"
"207","14.779699999978893","0","true"
"208","14.87969999997866","0","true"
"209","14.979699999978427","0","true"
"210","15.079699999978194","0","true"
"211","15.179699999977961","0","true"
"212","15.279699999977728","0","true"
"213","15.379699999977495","0","true"
"214","15.479699999977262","0","true"
"215","15.579699999977029","0","true"
"216","15.679699999976796","0","true"
"217","15.779699999976563","0","true"
"218","15.87969999997633","0","true"
"219","15.979699999976097","0","true"
"220","16.079699999975865","0","true"
"221","16.179699999975632","0","true"
"222","16.2796999999754","0","true"
"223","16.379699999975166","0","true"
"224","16.479699999974933","0","true"
"225","16.5796999999747","0","true"
"226","16.679699999974467","0","true"
"227","16.779699999974234","0","true"
"228","16.879699999974","0","true"
"229","16.979699999973768","0","true"
"230","17.079699999973535","0","true"
"231","17.1796999999733","0","true"
"232","17.27969999997307","0","true"
"233","17.379699999972836","0","true"
"234","17.479699999972603","0","true"
"235","17.57969999997237","0","true"
"236","17.679699999972136","0","true"
"237","17.779699999971903","0","true"
"238","17.87969999997167","0","true"
"239","17.979699999971437","0","true"
"240","18.079699999971204","0","true"
"241","18.17969999997097","0","true"
"242","18.279699999970738","0","true"
"243","18.379699999970505","0","true"
"244","18.479699999970272","0","true"
"245","18.57969999997004","0","true"
"246","18.679699999969806","0","true"
"247","18.779699999969573","0","true"
"248","18.87969999996934","0","true"
"249","18.979699999969107","0","true"
"250","19.079699999968874","0","true"
"251","19.17969999996864","0","true"

"""probabilityUniversity3"""
"x min","x max","y min","y max","autoplot?","current pen","legend open?","number of pens"
"0","290","0","10","true","""default""","false","1"

"pen name","pen down?","mode","interval","color","x"
"""default""","true","0","1","0","251"

"""default"""
"x","y","color","pen down?"
"0","0.001","0","true"
"1","0.00101","0","true"
"2","0.00102","0","true"
"3","0.0010400000000000001","0","true"
"4","0.0010500000000000002","0","true"
"5","0.0010700000000000002","0","true"
"6","0.0010800000000000002","0","true"
"7","0.0010800000000000002","0","true"
"8","0.0011000000000000003","0","true"
"9","0.0011000000000000003","0","true"
"10","0.0011100000000000003","0","true"
"11","0.0011200000000000003","0","true"
"12","0.0011300000000000004","0","true"
"13","0.0011300000000000004","0","true"
"14","0.0011400000000000004","0","true"
"15","0.0011700000000000005","0","true"
"16","0.0011700000000000005","0","true"
"17","0.0011900000000000005","0","true"
"18","0.0011900000000000005","0","true"
"19","0.0012100000000000006","0","true"
"20","0.0012200000000000006","0","true"
"21","0.0012400000000000007","0","true"
"22","0.0012600000000000007","0","true"
"23","0.0012700000000000007","0","true"
"24","0.0012800000000000008","0","true"
"25","0.0012900000000000008","0","true"
"26","0.0013200000000000009","0","true"
"27","0.0013300000000000009","0","true"
"28","0.001340000000000001","0","true"
"29","0.001340000000000001","0","true"
"30","0.001370000000000001","0","true"
"31","0.001390000000000001","0","true"
"32","0.0014300000000000011","0","true"
"33","0.0014400000000000012","0","true"
"34","0.0014700000000000013","0","true"
"35","0.0015000000000000013","0","true"
"36","0.0015300000000000014","0","true"
"37","0.0015400000000000014","0","true"
"38","0.0015700000000000015","0","true"
"39","0.0015800000000000015","0","true"
"40","0.0016000000000000016","0","true"
"41","0.0016100000000000016","0","true"
"42","0.0016200000000000016","0","true"
"43","0.0016300000000000017","0","true"
"44","0.0016600000000000018","0","true"
"45","0.0016700000000000018","0","true"
"46","0.0017100000000000019","0","true"
"47","0.001730000000000002","0","true"
"48","0.001740000000000002","0","true"
"49","0.001750000000000002","0","true"
"50","0.001760000000000002","0","true"
"51","0.001790000000000002","0","true"
"52","0.0018000000000000021","0","true"
"53","0.0018100000000000021","0","true"
"54","0.0018200000000000022","0","true"
"55","0.0018300000000000022","0","true"
"56","0.0018500000000000023","0","true"
"57","0.0018600000000000023","0","true"
"58","0.0018800000000000023","0","true"
"59","0.0018900000000000024","0","true"
"60","0.0019000000000000024","0","true"
"61","0.0019000000000000024","0","true"
"62","0.0019100000000000024","0","true"
"63","0.0019500000000000025","0","true"
"64","0.0019700000000000026","0","true"
"65","0.0019700000000000026","0","true"
"66","0.0020000000000000026","0","true"
"67","0.0020200000000000027","0","true"
"68","0.0020300000000000027","0","true"
"69","0.0020500000000000028","0","true"
"70","0.002080000000000003","0","true"
"71","0.002110000000000003","0","true"
"72","0.002130000000000003","0","true"
"73","0.002140000000000003","0","true"
"74","0.002150000000000003","0","true"
"75","0.002160000000000003","0","true"
"76","0.002190000000000003","0","true"
"77","0.0022300000000000032","0","true"
"78","0.0022400000000000033","0","true"
"79","0.0022400000000000033","0","true"
"80","0.0022800000000000034","0","true"
"81","0.0023300000000000035","0","true"
"82","0.0023600000000000036","0","true"
"83","0.0023800000000000036","0","true"
"84","0.0023800000000000036","0","true"
"85","0.0023900000000000037","0","true"
"86","0.0024000000000000037","0","true"
"87","0.0024300000000000038","0","true"
"88","0.002480000000000004","0","true"
"89","0.002510000000000004","0","true"
"90","0.002530000000000004","0","true"
"91","0.002540000000000004","0","true"
"92","0.002540000000000004","0","true"
"93","0.002570000000000004","0","true"
"94","0.002590000000000004","0","true"
"95","0.0026000000000000042","0","true"
"96","0.0026300000000000043","0","true"
"97","0.0026800000000000044","0","true"
"98","0.0027200000000000045","0","true"
"99","0.0027200000000000045","0","true"
"100","0.0027700000000000047","0","true"
"101","0.002820000000000005","0","true"
"102","0.002860000000000005","0","true"
"103","0.002880000000000005","0","true"
"104","0.002910000000000005","0","true"
"105","0.002930000000000005","0","true"
"106","0.002940000000000005","0","true"
"107","0.002980000000000005","0","true"
"108","0.0029900000000000052","0","true"
"109","0.0030200000000000053","0","true"
"110","0.0030400000000000054","0","true"
"111","0.0030700000000000055","0","true"
"112","0.0031200000000000056","0","true"
"113","0.0031500000000000057","0","true"
"114","0.0031800000000000057","0","true"
"115","0.003200000000000006","0","true"
"116","0.003230000000000006","0","true"
"117","0.003260000000000006","0","true"
"118","0.003290000000000006","0","true"
"119","0.0033700000000000062","0","true"
"120","0.0034100000000000063","0","true"
"121","0.0034600000000000065","0","true"
"122","0.0034600000000000065","0","true"
"123","0.0034700000000000065","0","true"
"124","0.0034900000000000066","0","true"
"125","0.0035100000000000066","0","true"
"126","0.0035200000000000066","0","true"
"127","0.0035300000000000067","0","true"
"128","0.0035500000000000067","0","true"
"129","0.0035500000000000067","0","true"
"130","0.003600000000000007","0","true"
"131","0.003640000000000007","0","true"
"132","0.003660000000000007","0","true"
"133","0.003740000000000007","0","true"
"134","0.0037700000000000073","0","true"
"135","0.0038100000000000074","0","true"
"136","0.0038400000000000075","0","true"
"137","0.0038600000000000075","0","true"
"138","0.0039000000000000076","0","true"
"139","0.003960000000000005","0","true"
"140","0.003980000000000004","0","true"
"141","0.004010000000000003","0","true"
"142","0.004030000000000002","0","true"
"143","0.0040500000000000015","0","true"
"144","0.004109999999999999","0","true"
"145","0.004169999999999997","0","true"
"146","0.004209999999999995","0","true"
"147","0.004229999999999994","0","true"
"148","0.004289999999999992","0","true"
"149","0.00432999999999999","0","true"
"150","0.004359999999999989","0","true"
"151","0.0044199999999999864","0","true"
"152","0.004459999999999985","0","true"
"153","0.004499999999999983","0","true"
"154","0.004529999999999982","0","true"
"155","0.0045899999999999795","0","true"
"156","0.004609999999999979","0","true"
"157","0.0046399999999999775","0","true"
"158","0.004709999999999975","0","true"
"159","0.004729999999999974","0","true"
"160","0.004739999999999973","0","true"
"161","0.004759999999999973","0","true"
"162","0.004769999999999972","0","true"
"163","0.00481999999999997","0","true"
"164","0.004869999999999968","0","true"
"165","0.0049099999999999665","0","true"
"166","0.004949999999999965","0","true"
"167","0.005029999999999962","0","true"
"168","0.00506999999999996","0","true"
"169","0.005109999999999958","0","true"
"170","0.005149999999999957","0","true"
"171","0.005239999999999953","0","true"
"172","0.005269999999999952","0","true"
"173","0.005279999999999951","0","true"
"174","0.00530999999999995","0","true"
"175","0.005359999999999948","0","true"
"176","0.005389999999999947","0","true"
"177","0.005479999999999943","0","true"
"178","0.00554999999999994","0","true"
"179","0.005579999999999939","0","true"
"180","0.005649999999999936","0","true"
"181","0.0057199999999999335","0","true"
"182","0.0057699999999999314","0","true"
"183","0.005789999999999931","0","true"
"184","0.005859999999999928","0","true"
"185","0.005909999999999926","0","true"
"186","0.005959999999999924","0","true"
"187","0.006019999999999921","0","true"
"188","0.006079999999999919","0","true"
"189","0.006139999999999916","0","true"
"190","0.006199999999999914","0","true"
"191","0.006249999999999912","0","true"
"192","0.006339999999999908","0","true"
"193","0.006409999999999905","0","true"
"194","0.006459999999999903","0","true"
"195","0.0064799999999999025","0","true"
"196","0.0065299999999999005","0","true"
"197","0.006579999999999898","0","true"
"198","0.006659999999999895","0","true"
"199","0.006709999999999893","0","true"
"200","0.006759999999999891","0","true"
"201","0.00678999999999989","0","true"
"202","0.006879999999999886","0","true"
"203","0.006939999999999884","0","true"
"204","0.006989999999999882","0","true"
"205","0.00702999999999988","0","true"
"206","0.0070699999999998785","0","true"
"207","0.007169999999999874","0","true"
"208","0.0072399999999998715","0","true"
"209","0.007309999999999869","0","true"
"210","0.007379999999999866","0","true"
"211","0.007409999999999865","0","true"
"212","0.0075099999999998605","0","true"
"213","0.007639999999999855","0","true"
"214","0.007709999999999852","0","true"
"215","0.00775999999999985","0","true"
"216","0.007829999999999847","0","true"
"217","0.007889999999999845","0","true"
"218","0.007909999999999844","0","true"
"219","0.00801999999999984","0","true"
"220","0.008139999999999835","0","true"
"221","0.008209999999999832","0","true"
"222","0.008319999999999828","0","true"
"223","0.008369999999999825","0","true"
"224","0.00848999999999982","0","true"
"225","0.008539999999999819","0","true"
"226","0.008629999999999815","0","true"
"227","0.00873999999999981","0","true"
"228","0.008829999999999807","0","true"
"229","0.008899999999999804","0","true"
"230","0.008949999999999802","0","true"
"231","0.009039999999999798","0","true"
"232","0.009089999999999796","0","true"
"233","0.009169999999999793","0","true"
"234","0.009279999999999788","0","true"
"235","0.009369999999999785","0","true"
"236","0.009459999999999781","0","true"
"237","0.009569999999999777","0","true"
"238","0.009639999999999774","0","true"
"239","0.009679999999999772","0","true"
"240","0.009769999999999768","0","true"
"241","0.009819999999999766","0","true"
"242","0.009929999999999762","0","true"
"243","0.010039999999999757","0","true"
"244","0.010149999999999753","0","true"
"245","0.010259999999999748","0","true"
"246","0.010399999999999743","0","true"
"247","0.010519999999999738","0","true"
"248","0.010619999999999734","0","true"
"249","0.010749999999999729","0","true"
"250","0.010839999999999725","0","true"
"251","0.010999999999999718","0","true"

"""probabilityUniversity4"""
"x min","x max","y min","y max","autoplot?","current pen","legend open?","number of pens"
"0","290","0","10","true","""default""","false","1"

"pen name","pen down?","mode","interval","color","x"
"""default""","true","0","1","0","251"

"""default"""
"x","y","color","pen down?"
"0","0.001","0","true"
"1","0.001","0","true"
"2","0.001","0","true"
"3","0.001","0","true"
"4","0.001","0","true"
"5","0.001","0","true"
"6","0.001","0","true"
"7","0.001","0","true"
"8","0.001","0","true"
"9","0.001","0","true"
"10","0.001","0","true"
"11","0.001","0","true"
"12","0.001","0","true"
"13","0.001","0","true"
"14","0.001","0","true"
"15","0.001","0","true"
"16","0.001","0","true"
"17","0.001","0","true"
"18","0.001","0","true"
"19","0.001","0","true"
"20","0.001","0","true"
"21","0.001","0","true"
"22","0.001","0","true"
"23","0.001","0","true"
"24","0.001","0","true"
"25","0.001","0","true"
"26","0.001","0","true"
"27","0.001","0","true"
"28","0.001","0","true"
"29","0.001","0","true"
"30","0.001","0","true"
"31","0.001","0","true"
"32","0.001","0","true"
"33","0.001","0","true"
"34","0.001","0","true"
"35","0.001","0","true"
"36","0.001","0","true"
"37","0.001","0","true"
"38","0.001","0","true"
"39","0.001","0","true"
"40","0.001","0","true"
"41","0.001","0","true"
"42","0.001","0","true"
"43","0.001","0","true"
"44","0.001","0","true"
"45","0.001","0","true"
"46","0.001","0","true"
"47","0.001","0","true"
"48","0.001","0","true"
"49","0.001","0","true"
"50","0.001","0","true"
"51","0.001","0","true"
"52","0.001","0","true"
"53","0.001","0","true"
"54","0.001","0","true"
"55","0.001","0","true"
"56","0.001","0","true"
"57","0.001","0","true"
"58","0.001","0","true"
"59","0.001","0","true"
"60","0.001","0","true"
"61","0.001","0","true"
"62","0.001","0","true"
"63","0.001","0","true"
"64","0.001","0","true"
"65","0.001","0","true"
"66","0.001","0","true"
"67","0.001","0","true"
"68","0.001","0","true"
"69","0.001","0","true"
"70","0.001","0","true"
"71","0.001","0","true"
"72","0.001","0","true"
"73","0.001","0","true"
"74","0.001","0","true"
"75","0.001","0","true"
"76","0.001","0","true"
"77","0.001","0","true"
"78","0.001","0","true"
"79","0.001","0","true"
"80","0.001","0","true"
"81","0.001","0","true"
"82","0.001","0","true"
"83","0.001","0","true"
"84","0.001","0","true"
"85","0.001","0","true"
"86","0.001","0","true"
"87","0.001","0","true"
"88","0.001","0","true"
"89","0.001","0","true"
"90","0.001","0","true"
"91","0.001","0","true"
"92","0.001","0","true"
"93","0.001","0","true"
"94","0.001","0","true"
"95","0.001","0","true"
"96","0.001","0","true"
"97","0.001","0","true"
"98","0.001","0","true"
"99","0.001","0","true"
"100","0.001","0","true"
"101","0.001","0","true"
"102","0.001","0","true"
"103","0.001","0","true"
"104","0.001","0","true"
"105","0.001","0","true"
"106","0.001","0","true"
"107","0.001","0","true"
"108","0.001","0","true"
"109","0.001","0","true"
"110","0.001","0","true"
"111","0.001","0","true"
"112","0.001","0","true"
"113","0.001","0","true"
"114","0.001","0","true"
"115","0.001","0","true"
"116","0.001","0","true"
"117","0.001","0","true"
"118","0.001","0","true"
"119","0.001","0","true"
"120","0.001","0","true"
"121","0.001","0","true"
"122","0.001","0","true"
"123","0.001","0","true"
"124","0.001","0","true"
"125","0.001","0","true"
"126","0.001","0","true"
"127","0.001","0","true"
"128","0.001","0","true"
"129","0.001","0","true"
"130","0.001","0","true"
"131","0.001","0","true"
"132","0.001","0","true"
"133","0.001","0","true"
"134","0.001","0","true"
"135","0.001","0","true"
"136","0.001","0","true"
"137","0.001","0","true"
"138","0.001","0","true"
"139","0.001","0","true"
"140","0.001","0","true"
"141","0.001","0","true"
"142","0.001","0","true"
"143","0.001","0","true"
"144","0.001","0","true"
"145","0.001","0","true"
"146","0.001","0","true"
"147","0.001","0","true"
"148","0.001","0","true"
"149","0.001","0","true"
"150","0.001","0","true"
"151","0.001","0","true"
"152","0.001","0","true"
"153","0.001","0","true"
"154","0.001","0","true"
"155","0.001","0","true"
"156","0.001","0","true"
"157","0.001","0","true"
"158","0.001","0","true"
"159","0.001","0","true"
"160","0.001","0","true"
"161","0.001","0","true"
"162","0.001","0","true"
"163","0.001","0","true"
"164","0.001","0","true"
"165","0.001","0","true"
"166","0.001","0","true"
"167","0.001","0","true"
"168","0.001","0","true"
"169","0.001","0","true"
"170","0.001","0","true"
"171","0.001","0","true"
"172","0.001","0","true"
"173","0.001","0","true"
"174","0.001","0","true"
"175","0.001","0","true"
"176","0.001","0","true"
"177","0.001","0","true"
"178","0.001","0","true"
"179","0.001","0","true"
"180","0.001","0","true"
"181","0.001","0","true"
"182","0.001","0","true"
"183","0.001","0","true"
"184","0.001","0","true"
"185","0.001","0","true"
"186","0.001","0","true"
"187","0.001","0","true"
"188","0.001","0","true"
"189","0.001","0","true"
"190","0.001","0","true"
"191","0.001","0","true"
"192","0.001","0","true"
"193","0.001","0","true"
"194","0.001","0","true"
"195","0.001","0","true"
"196","0.001","0","true"
"197","0.001","0","true"
"198","0.001","0","true"
"199","0.001","0","true"
"200","0.001","0","true"
"201","0.001","0","true"
"202","0.001","0","true"
"203","0.001","0","true"
"204","0.001","0","true"
"205","0.001","0","true"
"206","0.001","0","true"
"207","0.001","0","true"
"208","0.001","0","true"
"209","0.001","0","true"
"210","0.001","0","true"
"211","0.001","0","true"
"212","0.001","0","true"
"213","0.001","0","true"
"214","0.001","0","true"
"215","0.001","0","true"
"216","0.001","0","true"
"217","0.001","0","true"
"218","0.001","0","true"
"219","0.001","0","true"
"220","0.001","0","true"
"221","0.001","0","true"
"222","0.001","0","true"
"223","0.001","0","true"
"224","0.001","0","true"
"225","0.001","0","true"
"226","0.001","0","true"
"227","0.001","0","true"
"228","0.001","0","true"
"229","0.001","0","true"
"230","0.001","0","true"
"231","0.001","0","true"
"232","0.001","0","true"
"233","0.001","0","true"
"234","0.001","0","true"
"235","0.001","0","true"
"236","0.001","0","true"
"237","0.001","0","true"
"238","0.001","0","true"
"239","0.001","0","true"
"240","0.001","0","true"
"241","0.001","0","true"
"242","0.001","0","true"
"243","0.001","0","true"
"244","0.001","0","true"
"245","0.001","0","true"
"246","0.001","0","true"
"247","0.001","0","true"
"248","0.001","0","true"
"249","0.001","0","true"
"250","0.001","0","true"
"251","0.001","0","true"

"""probabilityUniversity5"""
"x min","x max","y min","y max","autoplot?","current pen","legend open?","number of pens"
"0","290","0","20.2","true","""default""","false","1"

"pen name","pen down?","mode","interval","color","x"
"""default""","true","0","1","0","251"

"""default"""
"x","y","color","pen down?"
"0","0.001","0","true"
"1","0.001","0","true"
"2","0.001","0","true"
"3","0.002","0","true"
"4","0.002","0","true"
"5","0.003","0","true"
"6","0.003","0","true"
"7","0.003","0","true"
"8","0.003","0","true"
"9","0.004","0","true"
"10","0.005","0","true"
"11","0.005","0","true"
"12","0.005","0","true"
"13","0.005","0","true"
"14","0.005","0","true"
"15","0.005","0","true"
"16","0.006","0","true"
"17","0.006","0","true"
"18","0.006","0","true"
"19","0.006","0","true"
"20","0.006","0","true"
"21","0.009000000000000001","0","true"
"22","0.011000000000000003","0","true"
"23","0.012000000000000004","0","true"
"24","0.013000000000000005","0","true"
"25","0.013000000000000005","0","true"
"26","0.014000000000000005","0","true"
"27","0.015000000000000006","0","true"
"28","0.015000000000000006","0","true"
"29","0.016000000000000007","0","true"
"30","0.02100000000000001","0","true"
"31","0.022000000000000013","0","true"
"32","0.026000000000000016","0","true"
"33","0.02900000000000002","0","true"
"34","0.03300000000000002","0","true"
"35","0.04300000000000003","0","true"
"36","0.05000000000000004","0","true"
"37","0.05500000000000004","0","true"
"38","0.058000000000000045","0","true"
"39","0.060000000000000046","0","true"
"40","0.06600000000000004","0","true"
"41","0.07500000000000005","0","true"
"42","0.08100000000000006","0","true"
"43","0.09000000000000007","0","true"
"44","0.09900000000000007","0","true"
"45","0.11100000000000008","0","true"
"46","0.12800000000000009","0","true"
"47","0.1380000000000001","0","true"
"48","0.1530000000000001","0","true"
"49","0.16600000000000012","0","true"
"50","0.17500000000000013","0","true"
"51","0.19800000000000015","0","true"
"52","0.22800000000000017","0","true"
"53","0.2480000000000002","0","true"
"54","0.2780000000000002","0","true"
"55","0.3120000000000002","0","true"
"56","0.34600000000000025","0","true"
"57","0.3820000000000003","0","true"
"58","0.4170000000000003","0","true"
"59","0.46400000000000036","0","true"
"60","0.5120000000000003","0","true"
"61","0.5660000000000004","0","true"
"62","0.6270000000000004","0","true"
"63","0.7030000000000005","0","true"
"64","0.7790000000000006","0","true"
"65","0.8620000000000007","0","true"
"66","0.9510000000000007","0","true"
"67","1.0499999999999952","0","true"
"68","1.1499999999999841","0","true"
"69","1.2499999999999731","0","true"
"70","1.3499999999999621","0","true"
"71","1.449999999999951","0","true"
"72","1.54999999999994","0","true"
"73","1.649999999999929","0","true"
"74","1.749999999999918","0","true"
"75","1.849999999999907","0","true"
"76","1.949999999999896","0","true"
"77","2.0499999999998852","0","true"
"78","2.1499999999998742","0","true"
"79","2.249999999999863","0","true"
"80","2.349999999999852","0","true"
"81","2.449999999999841","0","true"
"82","2.54999999999983","0","true"
"83","2.649999999999819","0","true"
"84","2.749999999999808","0","true"
"85","2.849999999999797","0","true"
"86","2.949999999999786","0","true"
"87","3.049999999999775","0","true"
"88","3.149999999999764","0","true"
"89","3.249999999999753","0","true"
"90","3.349999999999742","0","true"
"91","3.449999999999731","0","true"
"92","3.54999999999972","0","true"
"93","3.649999999999709","0","true"
"94","3.749999999999698","0","true"
"95","3.849999999999687","0","true"
"96","3.949999999999676","0","true"
"97","4.049999999999687","0","true"
"98","4.149999999999721","0","true"
"99","4.249999999999754","0","true"
"100","4.349999999999787","0","true"
"101","4.449999999999821","0","true"
"102","4.549999999999854","0","true"
"103","4.649999999999888","0","true"
"104","4.749999999999921","0","true"
"105","4.849999999999954","0","true"
"106","4.949999999999988","0","true"
"107","5.050000000000021","0","true"
"108","5.1500000000000545","0","true"
"109","5.250000000000088","0","true"
"110","5.350000000000121","0","true"
"111","5.450000000000155","0","true"
"112","5.550000000000188","0","true"
"113","5.6500000000002215","0","true"
"114","5.750000000000255","0","true"
"115","5.850000000000288","0","true"
"116","5.950000000000322","0","true"
"117","6.050000000000355","0","true"
"118","6.1500000000003885","0","true"
"119","6.250000000000422","0","true"
"120","6.350000000000455","0","true"
"121","6.450000000000489","0","true"
"122","6.550000000000522","0","true"
"123","6.6500000000005555","0","true"
"124","6.750000000000589","0","true"
"125","6.850000000000622","0","true"
"126","6.950000000000656","0","true"
"127","7.050000000000689","0","true"
"128","7.1500000000007224","0","true"
"129","7.250000000000756","0","true"
"130","7.350000000000789","0","true"
"131","7.450000000000823","0","true"
"132","7.550000000000856","0","true"
"133","7.650000000000889","0","true"
"134","7.750000000000923","0","true"
"135","7.850000000000956","0","true"
"136","7.95000000000099","0","true"
"137","8.050000000000978","0","true"
"138","8.150000000000922","0","true"
"139","8.250000000000867","0","true"
"140","8.350000000000811","0","true"
"141","8.450000000000756","0","true"
"142","8.5500000000007","0","true"
"143","8.650000000000645","0","true"
"144","8.75000000000059","0","true"
"145","8.850000000000534","0","true"
"146","8.950000000000479","0","true"
"147","9.050000000000423","0","true"
"148","9.150000000000368","0","true"
"149","9.250000000000313","0","true"
"150","9.350000000000257","0","true"
"151","9.450000000000202","0","true"
"152","9.550000000000146","0","true"
"153","9.650000000000091","0","true"
"154","9.750000000000036","0","true"
"155","9.84999999999998","0","true"
"156","9.949999999999925","0","true"
"157","10.04999999999987","0","true"
"158","10.149999999999814","0","true"
"159","10.249999999999758","0","true"
"160","10.349999999999703","0","true"
"161","10.449999999999648","0","true"
"162","10.549999999999592","0","true"
"163","10.649999999999537","0","true"
"164","10.749999999999481","0","true"
"165","10.849999999999426","0","true"
"166","10.94999999999937","0","true"
"167","11.049999999999315","0","true"
"168","11.14999999999926","0","true"
"169","11.249999999999204","0","true"
"170","11.349999999999149","0","true"
"171","11.449999999999093","0","true"
"172","11.549999999999038","0","true"
"173","11.649999999998983","0","true"
"174","11.749999999998927","0","true"
"175","11.849999999998872","0","true"
"176","11.949999999998816","0","true"
"177","12.04999999999876","0","true"
"178","12.149999999998705","0","true"
"179","12.24999999999865","0","true"
"180","12.349999999998595","0","true"
"181","12.44999999999854","0","true"
"182","12.549999999998484","0","true"
"183","12.649999999998428","0","true"
"184","12.749999999998373","0","true"
"185","12.849999999998317","0","true"
"186","12.949999999998262","0","true"
"187","13.049999999998207","0","true"
"188","13.149999999998151","0","true"
"189","13.249999999998096","0","true"
"190","13.34999999999804","0","true"
"191","13.449999999997985","0","true"
"192","13.54999999999793","0","true"
"193","13.649999999997874","0","true"
"194","13.749999999997819","0","true"
"195","13.849999999997763","0","true"
"196","13.949999999997708","0","true"
"197","14.049999999997652","0","true"
"198","14.149999999997597","0","true"
"199","14.249999999997542","0","true"
"200","14.349999999997486","0","true"
"201","14.44999999999743","0","true"
"202","14.549999999997375","0","true"
"203","14.64999999999732","0","true"
"204","14.749999999997264","0","true"
"205","14.849999999997209","0","true"
"206","14.949999999997154","0","true"
"207","15.049999999997098","0","true"
"208","15.149999999997043","0","true"
"209","15.249999999996987","0","true"
"210","15.349999999996932","0","true"
"211","15.449999999996876","0","true"
"212","15.549999999996821","0","true"
"213","15.649999999996766","0","true"
"214","15.74999999999671","0","true"
"215","15.849999999996655","0","true"
"216","15.9499999999966","0","true"
"217","16.049999999996633","0","true"
"218","16.149999999996755","0","true"
"219","16.249999999996877","0","true"
"220","16.349999999997","0","true"
"221","16.44999999999712","0","true"
"222","16.549999999997244","0","true"
"223","16.649999999997366","0","true"
"224","16.74999999999749","0","true"
"225","16.84999999999761","0","true"
"226","16.949999999997733","0","true"
"227","17.049999999997855","0","true"
"228","17.149999999997977","0","true"
"229","17.2499999999981","0","true"
"230","17.34999999999822","0","true"
"231","17.449999999998344","0","true"
"232","17.549999999998466","0","true"
"233","17.649999999998588","0","true"
"234","17.74999999999871","0","true"
"235","17.849999999998833","0","true"
"236","17.949999999998955","0","true"
"237","18.049999999999077","0","true"
"238","18.1499999999992","0","true"
"239","18.24999999999932","0","true"
"240","18.349999999999444","0","true"
"241","18.449999999999566","0","true"
"242","18.549999999999688","0","true"
"243","18.64999999999981","0","true"
"244","18.749999999999932","0","true"
"245","18.850000000000055","0","true"
"246","18.950000000000177","0","true"
"247","19.0500000000003","0","true"
"248","19.15000000000042","0","true"
"249","19.250000000000544","0","true"
"250","19.350000000000666","0","true"
"251","19.450000000000788","0","true"

"""probabilityUniversity6"""
"x min","x max","y min","y max","autoplot?","current pen","legend open?","number of pens"
"0","290","0","10","true","""default""","false","1"

"pen name","pen down?","mode","interval","color","x"
"""default""","true","0","1","0","251"

"""default"""
"x","y","color","pen down?"
"0","0.001","0","true"
"1","0.001","0","true"
"2","0.001","0","true"
"3","0.001","0","true"
"4","0.001","0","true"
"5","0.001","0","true"
"6","0.001","0","true"
"7","0.0011","0","true"
"8","0.0012000000000000001","0","true"
"9","0.0012000000000000001","0","true"
"10","0.0012000000000000001","0","true"
"11","0.0012000000000000001","0","true"
"12","0.0012000000000000001","0","true"
"13","0.0012000000000000001","0","true"
"14","0.0012000000000000001","0","true"
"15","0.0012000000000000001","0","true"
"16","0.0012000000000000001","0","true"
"17","0.0012000000000000001","0","true"
"18","0.0012000000000000001","0","true"
"19","0.0013000000000000002","0","true"
"20","0.0013000000000000002","0","true"
"21","0.0013000000000000002","0","true"
"22","0.0013000000000000002","0","true"
"23","0.0013000000000000002","0","true"
"24","0.0013000000000000002","0","true"
"25","0.0013000000000000002","0","true"
"26","0.0013000000000000002","0","true"
"27","0.0013000000000000002","0","true"
"28","0.0013000000000000002","0","true"
"29","0.0013000000000000002","0","true"
"30","0.0013000000000000002","0","true"
"31","0.0013000000000000002","0","true"
"32","0.0013000000000000002","0","true"
"33","0.0013000000000000002","0","true"
"34","0.0013000000000000002","0","true"
"35","0.0013000000000000002","0","true"
"36","0.0013000000000000002","0","true"
"37","0.0013000000000000002","0","true"
"38","0.0013000000000000002","0","true"
"39","0.0013000000000000002","0","true"
"40","0.0013000000000000002","0","true"
"41","0.0013000000000000002","0","true"
"42","0.0013000000000000002","0","true"
"43","0.0013000000000000002","0","true"
"44","0.0014000000000000002","0","true"
"45","0.0014000000000000002","0","true"
"46","0.0014000000000000002","0","true"
"47","0.0014000000000000002","0","true"
"48","0.0015000000000000002","0","true"
"49","0.0015000000000000002","0","true"
"50","0.0015000000000000002","0","true"
"51","0.0016000000000000003","0","true"
"52","0.0016000000000000003","0","true"
"53","0.0016000000000000003","0","true"
"54","0.0017000000000000003","0","true"
"55","0.0017000000000000003","0","true"
"56","0.0017000000000000003","0","true"
"57","0.0017000000000000003","0","true"
"58","0.0017000000000000003","0","true"
"59","0.0017000000000000003","0","true"
"60","0.0017000000000000003","0","true"
"61","0.0018000000000000004","0","true"
"62","0.0018000000000000004","0","true"
"63","0.0018000000000000004","0","true"
"64","0.0018000000000000004","0","true"
"65","0.0018000000000000004","0","true"
"66","0.0018000000000000004","0","true"
"67","0.0019000000000000004","0","true"
"68","0.0019000000000000004","0","true"
"69","0.0019000000000000004","0","true"
"70","0.0019000000000000004","0","true"
"71","0.0019000000000000004","0","true"
"72","0.0019000000000000004","0","true"
"73","0.0019000000000000004","0","true"
"74","0.0020000000000000005","0","true"
"75","0.0020000000000000005","0","true"
"76","0.0021000000000000003","0","true"
"77","0.0021000000000000003","0","true"
"78","0.0021000000000000003","0","true"
"79","0.0021000000000000003","0","true"
"80","0.0021000000000000003","0","true"
"81","0.0021000000000000003","0","true"
"82","0.0022","0","true"
"83","0.0022","0","true"
"84","0.0024","0","true"
"85","0.0024","0","true"
"86","0.0024","0","true"
"87","0.0024","0","true"
"88","0.0024999999999999996","0","true"
"89","0.0024999999999999996","0","true"
"90","0.0024999999999999996","0","true"
"91","0.0024999999999999996","0","true"
"92","0.0024999999999999996","0","true"
"93","0.0024999999999999996","0","true"
"94","0.0024999999999999996","0","true"
"95","0.0024999999999999996","0","true"
"96","0.0024999999999999996","0","true"
"97","0.0024999999999999996","0","true"
"98","0.0025999999999999994","0","true"
"99","0.0025999999999999994","0","true"
"100","0.0026999999999999993","0","true"
"101","0.0026999999999999993","0","true"
"102","0.0026999999999999993","0","true"
"103","0.002799999999999999","0","true"
"104","0.002799999999999999","0","true"
"105","0.002899999999999999","0","true"
"106","0.002899999999999999","0","true"
"107","0.0030999999999999986","0","true"
"108","0.0030999999999999986","0","true"
"109","0.0030999999999999986","0","true"
"110","0.0031999999999999984","0","true"
"111","0.0031999999999999984","0","true"
"112","0.0032999999999999982","0","true"
"113","0.003399999999999998","0","true"
"114","0.003399999999999998","0","true"
"115","0.003399999999999998","0","true"
"116","0.003399999999999998","0","true"
"117","0.003399999999999998","0","true"
"118","0.003499999999999998","0","true"
"119","0.0035999999999999977","0","true"
"120","0.0035999999999999977","0","true"
"121","0.0035999999999999977","0","true"
"122","0.0035999999999999977","0","true"
"123","0.0035999999999999977","0","true"
"124","0.0036999999999999976","0","true"
"125","0.0036999999999999976","0","true"
"126","0.0036999999999999976","0","true"
"127","0.0036999999999999976","0","true"
"128","0.0038999999999999972","0","true"
"129","0.0039999999999999975","0","true"
"130","0.0039999999999999975","0","true"
"131","0.004099999999999998","0","true"
"132","0.004199999999999998","0","true"
"133","0.004299999999999998","0","true"
"134","0.004299999999999998","0","true"
"135","0.004299999999999998","0","true"
"136","0.004299999999999998","0","true"
"137","0.0043999999999999985","0","true"
"138","0.0043999999999999985","0","true"
"139","0.0043999999999999985","0","true"
"140","0.004499999999999999","0","true"
"141","0.004499999999999999","0","true"
"142","0.004499999999999999","0","true"
"143","0.004599999999999999","0","true"
"144","0.004699999999999999","0","true"
"145","0.004699999999999999","0","true"
"146","0.0048","0","true"
"147","0.0049","0","true"
"148","0.0049","0","true"
"149","0.0049","0","true"
"150","0.0051","0","true"
"151","0.005200000000000001","0","true"
"152","0.005400000000000001","0","true"
"153","0.005500000000000001","0","true"
"154","0.005500000000000001","0","true"
"155","0.005500000000000001","0","true"
"156","0.005600000000000002","0","true"
"157","0.005600000000000002","0","true"
"158","0.005700000000000002","0","true"
"159","0.005700000000000002","0","true"
"160","0.005700000000000002","0","true"
"161","0.005800000000000002","0","true"
"162","0.0059000000000000025","0","true"
"163","0.0059000000000000025","0","true"
"164","0.0059000000000000025","0","true"
"165","0.006000000000000003","0","true"
"166","0.006000000000000003","0","true"
"167","0.006000000000000003","0","true"
"168","0.006000000000000003","0","true"
"169","0.006000000000000003","0","true"
"170","0.006200000000000003","0","true"
"171","0.006200000000000003","0","true"
"172","0.006200000000000003","0","true"
"173","0.0063000000000000035","0","true"
"174","0.006600000000000004","0","true"
"175","0.006600000000000004","0","true"
"176","0.0067000000000000046","0","true"
"177","0.006800000000000005","0","true"
"178","0.006900000000000005","0","true"
"179","0.007000000000000005","0","true"
"180","0.007100000000000006","0","true"
"181","0.007200000000000006","0","true"
"182","0.007200000000000006","0","true"
"183","0.007300000000000006","0","true"
"184","0.007400000000000006","0","true"
"185","0.007400000000000006","0","true"
"186","0.007400000000000006","0","true"
"187","0.007400000000000006","0","true"
"188","0.007400000000000006","0","true"
"189","0.007400000000000006","0","true"
"190","0.007500000000000007","0","true"
"191","0.007500000000000007","0","true"
"192","0.007500000000000007","0","true"
"193","0.007600000000000007","0","true"
"194","0.007600000000000007","0","true"
"195","0.007700000000000007","0","true"
"196","0.0078000000000000074","0","true"
"197","0.0078000000000000074","0","true"
"198","0.007900000000000008","0","true"
"199","0.007900000000000008","0","true"
"200","0.008200000000000006","0","true"
"201","0.008300000000000005","0","true"
"202","0.008300000000000005","0","true"
"203","0.008400000000000005","0","true"
"204","0.008400000000000005","0","true"
"205","0.008600000000000003","0","true"
"206","0.008600000000000003","0","true"
"207","0.008700000000000003","0","true"
"208","0.008700000000000003","0","true"
"209","0.008700000000000003","0","true"
"210","0.008700000000000003","0","true"
"211","0.008800000000000002","0","true"
"212","0.008900000000000002","0","true"
"213","0.008900000000000002","0","true"
"214","0.009000000000000001","0","true"
"215","0.0091","0","true"
"216","0.0092","0","true"
"217","0.0092","0","true"
"218","0.0093","0","true"
"219","0.009499999999999998","0","true"
"220","0.009599999999999997","0","true"
"221","0.009599999999999997","0","true"
"222","0.009599999999999997","0","true"
"223","0.009599999999999997","0","true"
"224","0.009799999999999996","0","true"
"225","0.009999999999999995","0","true"
"226","0.010099999999999994","0","true"
"227","0.010099999999999994","0","true"
"228","0.010299999999999993","0","true"
"229","0.010399999999999993","0","true"
"230","0.010499999999999992","0","true"
"231","0.010499999999999992","0","true"
"232","0.01079999999999999","0","true"
"233","0.01079999999999999","0","true"
"234","0.01089999999999999","0","true"
"235","0.010999999999999989","0","true"
"236","0.011099999999999988","0","true"
"237","0.011299999999999987","0","true"
"238","0.011499999999999986","0","true"
"239","0.011499999999999986","0","true"
"240","0.011599999999999985","0","true"
"241","0.011699999999999985","0","true"
"242","0.011799999999999984","0","true"
"243","0.011899999999999984","0","true"
"244","0.011999999999999983","0","true"
"245","0.012299999999999981","0","true"
"246","0.012299999999999981","0","true"
"247","0.01249999999999998","0","true"
"248","0.01249999999999998","0","true"
"249","0.01249999999999998","0","true"
"250","0.01259999999999998","0","true"
"251","0.01259999999999998","0","true"

"""probabilityUniversity7"""
"x min","x max","y min","y max","autoplot?","current pen","legend open?","number of pens"
"0","290","0","10","true","""default""","false","1"

"pen name","pen down?","mode","interval","color","x"
"""default""","true","0","1","0","251"

"""default"""
"x","y","color","pen down?"
"0","0.001","0","true"
"1","0.001","0","true"
"2","0.001","0","true"
"3","0.001","0","true"
"4","0.001","0","true"
"5","0.001","0","true"
"6","0.001","0","true"
"7","0.001","0","true"
"8","0.001","0","true"
"9","0.001","0","true"
"10","0.001","0","true"
"11","0.001","0","true"
"12","0.001","0","true"
"13","0.001","0","true"
"14","0.00101","0","true"
"15","0.00101","0","true"
"16","0.00101","0","true"
"17","0.00101","0","true"
"18","0.00102","0","true"
"19","0.00102","0","true"
"20","0.00102","0","true"
"21","0.00102","0","true"
"22","0.00102","0","true"
"23","0.00102","0","true"
"24","0.00102","0","true"
"25","0.00102","0","true"
"26","0.00103","0","true"
"27","0.00103","0","true"
"28","0.00103","0","true"
"29","0.00103","0","true"
"30","0.00103","0","true"
"31","0.00103","0","true"
"32","0.00103","0","true"
"33","0.00103","0","true"
"34","0.00103","0","true"
"35","0.00103","0","true"
"36","0.00103","0","true"
"37","0.00103","0","true"
"38","0.00103","0","true"
"39","0.00103","0","true"
"40","0.00103","0","true"
"41","0.00103","0","true"
"42","0.00103","0","true"
"43","0.00103","0","true"
"44","0.00103","0","true"
"45","0.00103","0","true"
"46","0.00103","0","true"
"47","0.00103","0","true"
"48","0.00103","0","true"
"49","0.0010400000000000001","0","true"
"50","0.0010400000000000001","0","true"
"51","0.0010400000000000001","0","true"
"52","0.0010400000000000001","0","true"
"53","0.0010400000000000001","0","true"
"54","0.0010400000000000001","0","true"
"55","0.0010400000000000001","0","true"
"56","0.0010500000000000002","0","true"
"57","0.0010500000000000002","0","true"
"58","0.0010500000000000002","0","true"
"59","0.0010500000000000002","0","true"
"60","0.0010500000000000002","0","true"
"61","0.0010500000000000002","0","true"
"62","0.0010500000000000002","0","true"
"63","0.0010500000000000002","0","true"
"64","0.0010600000000000002","0","true"
"65","0.0010600000000000002","0","true"
"66","0.0010600000000000002","0","true"
"67","0.0010700000000000002","0","true"
"68","0.0010700000000000002","0","true"
"69","0.0010700000000000002","0","true"
"70","0.0010700000000000002","0","true"
"71","0.0010800000000000002","0","true"
"72","0.0010800000000000002","0","true"
"73","0.0010800000000000002","0","true"
"74","0.0010800000000000002","0","true"
"75","0.0010800000000000002","0","true"
"76","0.0010800000000000002","0","true"
"77","0.0010800000000000002","0","true"
"78","0.0010800000000000002","0","true"
"79","0.0010800000000000002","0","true"
"80","0.0010800000000000002","0","true"
"81","0.0010800000000000002","0","true"
"82","0.0010800000000000002","0","true"
"83","0.0010800000000000002","0","true"
"84","0.0010800000000000002","0","true"
"85","0.0010800000000000002","0","true"
"86","0.0010900000000000003","0","true"
"87","0.0010900000000000003","0","true"
"88","0.0010900000000000003","0","true"
"89","0.0010900000000000003","0","true"
"90","0.0010900000000000003","0","true"
"91","0.0010900000000000003","0","true"
"92","0.0010900000000000003","0","true"
"93","0.0010900000000000003","0","true"
"94","0.0010900000000000003","0","true"
"95","0.0010900000000000003","0","true"
"96","0.0010900000000000003","0","true"
"97","0.0010900000000000003","0","true"
"98","0.0010900000000000003","0","true"
"99","0.0010900000000000003","0","true"
"100","0.0010900000000000003","0","true"
"101","0.0010900000000000003","0","true"
"102","0.0010900000000000003","0","true"
"103","0.0010900000000000003","0","true"
"104","0.0010900000000000003","0","true"
"105","0.0011000000000000003","0","true"
"106","0.0011000000000000003","0","true"
"107","0.0011100000000000003","0","true"
"108","0.0011100000000000003","0","true"
"109","0.0011100000000000003","0","true"
"110","0.0011200000000000003","0","true"
"111","0.0011200000000000003","0","true"
"112","0.0011200000000000003","0","true"
"113","0.0011200000000000003","0","true"
"114","0.0011200000000000003","0","true"
"115","0.0011200000000000003","0","true"
"116","0.0011200000000000003","0","true"
"117","0.0011200000000000003","0","true"
"118","0.0011200000000000003","0","true"
"119","0.0011200000000000003","0","true"
"120","0.0011200000000000003","0","true"
"121","0.0011200000000000003","0","true"
"122","0.0011200000000000003","0","true"
"123","0.0011300000000000004","0","true"
"124","0.0011300000000000004","0","true"
"125","0.0011300000000000004","0","true"
"126","0.0011300000000000004","0","true"
"127","0.0011300000000000004","0","true"
"128","0.0011400000000000004","0","true"
"129","0.0011400000000000004","0","true"
"130","0.0011400000000000004","0","true"
"131","0.0011400000000000004","0","true"
"132","0.0011400000000000004","0","true"
"133","0.0011400000000000004","0","true"
"134","0.0011400000000000004","0","true"
"135","0.0011400000000000004","0","true"
"136","0.0011400000000000004","0","true"
"137","0.0011400000000000004","0","true"
"138","0.0011400000000000004","0","true"
"139","0.0011400000000000004","0","true"
"140","0.0011400000000000004","0","true"
"141","0.0011400000000000004","0","true"
"142","0.0011400000000000004","0","true"
"143","0.0011400000000000004","0","true"
"144","0.0011400000000000004","0","true"
"145","0.0011400000000000004","0","true"
"146","0.0011400000000000004","0","true"
"147","0.0011400000000000004","0","true"
"148","0.0011500000000000004","0","true"
"149","0.0011500000000000004","0","true"
"150","0.0011500000000000004","0","true"
"151","0.0011500000000000004","0","true"
"152","0.0011500000000000004","0","true"
"153","0.0011600000000000004","0","true"
"154","0.0011600000000000004","0","true"
"155","0.0011600000000000004","0","true"
"156","0.0011600000000000004","0","true"
"157","0.0011600000000000004","0","true"
"158","0.0011600000000000004","0","true"
"159","0.0011600000000000004","0","true"
"160","0.0011600000000000004","0","true"
"161","0.0011800000000000005","0","true"
"162","0.0011800000000000005","0","true"
"163","0.0011800000000000005","0","true"
"164","0.0011800000000000005","0","true"
"165","0.0011900000000000005","0","true"
"166","0.0011900000000000005","0","true"
"167","0.0011900000000000005","0","true"
"168","0.0011900000000000005","0","true"
"169","0.0011900000000000005","0","true"
"170","0.0011900000000000005","0","true"
"171","0.0011900000000000005","0","true"
"172","0.0012000000000000005","0","true"
"173","0.0012000000000000005","0","true"
"174","0.0012000000000000005","0","true"
"175","0.0012000000000000005","0","true"
"176","0.0012000000000000005","0","true"
"177","0.0012000000000000005","0","true"
"178","0.0012000000000000005","0","true"
"179","0.0012000000000000005","0","true"
"180","0.0012000000000000005","0","true"
"181","0.0012000000000000005","0","true"
"182","0.0012000000000000005","0","true"
"183","0.0012000000000000005","0","true"
"184","0.0012100000000000006","0","true"
"185","0.0012100000000000006","0","true"
"186","0.0012100000000000006","0","true"
"187","0.0012100000000000006","0","true"
"188","0.0012100000000000006","0","true"
"189","0.0012100000000000006","0","true"
"190","0.0012100000000000006","0","true"
"191","0.0012100000000000006","0","true"
"192","0.0012200000000000006","0","true"
"193","0.0012200000000000006","0","true"
"194","0.0012200000000000006","0","true"
"195","0.0012200000000000006","0","true"
"196","0.0012200000000000006","0","true"
"197","0.0012200000000000006","0","true"
"198","0.0012200000000000006","0","true"
"199","0.0012200000000000006","0","true"
"200","0.0012200000000000006","0","true"
"201","0.0012200000000000006","0","true"
"202","0.0012200000000000006","0","true"
"203","0.0012200000000000006","0","true"
"204","0.0012200000000000006","0","true"
"205","0.0012200000000000006","0","true"
"206","0.0012200000000000006","0","true"
"207","0.0012200000000000006","0","true"
"208","0.0012200000000000006","0","true"
"209","0.0012200000000000006","0","true"
"210","0.0012300000000000006","0","true"
"211","0.0012400000000000007","0","true"
"212","0.0012400000000000007","0","true"
"213","0.0012400000000000007","0","true"
"214","0.0012400000000000007","0","true"
"215","0.0012400000000000007","0","true"
"216","0.0012400000000000007","0","true"
"217","0.0012400000000000007","0","true"
"218","0.0012400000000000007","0","true"
"219","0.0012400000000000007","0","true"
"220","0.0012400000000000007","0","true"
"221","0.0012400000000000007","0","true"
"222","0.0012400000000000007","0","true"
"223","0.0012400000000000007","0","true"
"224","0.0012500000000000007","0","true"
"225","0.0012500000000000007","0","true"
"226","0.0012500000000000007","0","true"
"227","0.0012500000000000007","0","true"
"228","0.0012500000000000007","0","true"
"229","0.0012500000000000007","0","true"
"230","0.0012500000000000007","0","true"
"231","0.0012500000000000007","0","true"
"232","0.0012500000000000007","0","true"
"233","0.0012500000000000007","0","true"
"234","0.0012500000000000007","0","true"
"235","0.0012500000000000007","0","true"
"236","0.0012500000000000007","0","true"
"237","0.0012500000000000007","0","true"
"238","0.0012500000000000007","0","true"
"239","0.0012500000000000007","0","true"
"240","0.0012500000000000007","0","true"
"241","0.0012500000000000007","0","true"
"242","0.0012500000000000007","0","true"
"243","0.0012500000000000007","0","true"
"244","0.0012500000000000007","0","true"
"245","0.0012500000000000007","0","true"
"246","0.0012500000000000007","0","true"
"247","0.0012500000000000007","0","true"
"248","0.0012500000000000007","0","true"
"249","0.0012500000000000007","0","true"
"250","0.0012500000000000007","0","true"
"251","0.0012500000000000007","0","true"

"""probabilityUniversity8"""
"x min","x max","y min","y max","autoplot?","current pen","legend open?","number of pens"
"0","290","0","10","true","""default""","false","1"

"pen name","pen down?","mode","interval","color","x"
"""default""","true","0","1","0","251"

"""default"""
"x","y","color","pen down?"
"0","0.001","0","true"
"1","0.001","0","true"
"2","0.001","0","true"
"3","0.001","0","true"
"4","0.001","0","true"
"5","0.001","0","true"
"6","0.001","0","true"
"7","0.001","0","true"
"8","0.001","0","true"
"9","0.001","0","true"
"10","0.001","0","true"
"11","0.001","0","true"
"12","0.001","0","true"
"13","0.001","0","true"
"14","0.001","0","true"
"15","0.001","0","true"
"16","0.001","0","true"
"17","0.001","0","true"
"18","0.001","0","true"
"19","0.001","0","true"
"20","0.001","0","true"
"21","0.001","0","true"
"22","0.001","0","true"
"23","0.001","0","true"
"24","0.001","0","true"
"25","0.001","0","true"
"26","0.001","0","true"
"27","0.001","0","true"
"28","0.001","0","true"
"29","0.001","0","true"
"30","0.001","0","true"
"31","0.001","0","true"
"32","0.001","0","true"
"33","0.001","0","true"
"34","0.001","0","true"
"35","0.001","0","true"
"36","0.001","0","true"
"37","0.001","0","true"
"38","0.001","0","true"
"39","0.001","0","true"
"40","0.001","0","true"
"41","0.001","0","true"
"42","0.001","0","true"
"43","0.001","0","true"
"44","0.001","0","true"
"45","0.001","0","true"
"46","0.001","0","true"
"47","0.001","0","true"
"48","0.001","0","true"
"49","0.001","0","true"
"50","0.001","0","true"
"51","0.001","0","true"
"52","0.001","0","true"
"53","0.001","0","true"
"54","0.001","0","true"
"55","0.001","0","true"
"56","0.001","0","true"
"57","0.001","0","true"
"58","0.001","0","true"
"59","0.001","0","true"
"60","0.001","0","true"
"61","0.001","0","true"
"62","0.001","0","true"
"63","0.001","0","true"
"64","0.001","0","true"
"65","0.001","0","true"
"66","0.001","0","true"
"67","0.001","0","true"
"68","0.001","0","true"
"69","0.001","0","true"
"70","0.001","0","true"
"71","0.001","0","true"
"72","0.001","0","true"
"73","0.001","0","true"
"74","0.001","0","true"
"75","0.001","0","true"
"76","0.001","0","true"
"77","0.001","0","true"
"78","0.001","0","true"
"79","0.001","0","true"
"80","0.001","0","true"
"81","0.001","0","true"
"82","0.001","0","true"
"83","0.001","0","true"
"84","0.001","0","true"
"85","0.001","0","true"
"86","0.001","0","true"
"87","0.001","0","true"
"88","0.001","0","true"
"89","0.001","0","true"
"90","0.001","0","true"
"91","0.001","0","true"
"92","0.001","0","true"
"93","0.001","0","true"
"94","0.001","0","true"
"95","0.001","0","true"
"96","0.001","0","true"
"97","0.001","0","true"
"98","0.001","0","true"
"99","0.001","0","true"
"100","0.001","0","true"
"101","0.001","0","true"
"102","0.001","0","true"
"103","0.001","0","true"
"104","0.001","0","true"
"105","0.001","0","true"
"106","0.001","0","true"
"107","0.001","0","true"
"108","0.001","0","true"
"109","0.001","0","true"
"110","0.001","0","true"
"111","0.001","0","true"
"112","0.001","0","true"
"113","0.001","0","true"
"114","0.001","0","true"
"115","0.001","0","true"
"116","0.001","0","true"
"117","0.001","0","true"
"118","0.001","0","true"
"119","0.001","0","true"
"120","0.001","0","true"
"121","0.001","0","true"
"122","0.001","0","true"
"123","0.001","0","true"
"124","0.001","0","true"
"125","0.001","0","true"
"126","0.001","0","true"
"127","0.001","0","true"
"128","0.001","0","true"
"129","0.001","0","true"
"130","0.001","0","true"
"131","0.001","0","true"
"132","0.001","0","true"
"133","0.001","0","true"
"134","0.001","0","true"
"135","0.001","0","true"
"136","0.001","0","true"
"137","0.001","0","true"
"138","0.001","0","true"
"139","0.001","0","true"
"140","0.001","0","true"
"141","0.001","0","true"
"142","0.001","0","true"
"143","0.001","0","true"
"144","0.001","0","true"
"145","0.001","0","true"
"146","0.001","0","true"
"147","0.001","0","true"
"148","0.001","0","true"
"149","0.001","0","true"
"150","0.001","0","true"
"151","0.001","0","true"
"152","0.001","0","true"
"153","0.001","0","true"
"154","0.001","0","true"
"155","0.001","0","true"
"156","0.001","0","true"
"157","0.001","0","true"
"158","0.001","0","true"
"159","0.001","0","true"
"160","0.001","0","true"
"161","0.001","0","true"
"162","0.001","0","true"
"163","0.001","0","true"
"164","0.001","0","true"
"165","0.001","0","true"
"166","0.001","0","true"
"167","0.001","0","true"
"168","0.001","0","true"
"169","0.001","0","true"
"170","0.001","0","true"
"171","0.001","0","true"
"172","0.001","0","true"
"173","0.001","0","true"
"174","0.001","0","true"
"175","0.001","0","true"
"176","0.001","0","true"
"177","0.001","0","true"
"178","0.001","0","true"
"179","0.001","0","true"
"180","0.001","0","true"
"181","0.001","0","true"
"182","0.001","0","true"
"183","0.001","0","true"
"184","0.001","0","true"
"185","0.001","0","true"
"186","0.001","0","true"
"187","0.001","0","true"
"188","0.001","0","true"
"189","0.001","0","true"
"190","0.001","0","true"
"191","0.001","0","true"
"192","0.001","0","true"
"193","0.001","0","true"
"194","0.001","0","true"
"195","0.001","0","true"
"196","0.001","0","true"
"197","0.001","0","true"
"198","0.001","0","true"
"199","0.001","0","true"
"200","0.001","0","true"
"201","0.001","0","true"
"202","0.001","0","true"
"203","0.001","0","true"
"204","0.001","0","true"
"205","0.001","0","true"
"206","0.001","0","true"
"207","0.001","0","true"
"208","0.001","0","true"
"209","0.001","0","true"
"210","0.001","0","true"
"211","0.001","0","true"
"212","0.001","0","true"
"213","0.001","0","true"
"214","0.001","0","true"
"215","0.001","0","true"
"216","0.001","0","true"
"217","0.001","0","true"
"218","0.001","0","true"
"219","0.001","0","true"
"220","0.001","0","true"
"221","0.001","0","true"
"222","0.001","0","true"
"223","0.001","0","true"
"224","0.001","0","true"
"225","0.001","0","true"
"226","0.001","0","true"
"227","0.001","0","true"
"228","0.001","0","true"
"229","0.001","0","true"
"230","0.001","0","true"
"231","0.001","0","true"
"232","0.001","0","true"
"233","0.001","0","true"
"234","0.001","0","true"
"235","0.001","0","true"
"236","0.001","0","true"
"237","0.001","0","true"
"238","0.001","0","true"
"239","0.001","0","true"
"240","0.001","0","true"
"241","0.001","0","true"
"242","0.001","0","true"
"243","0.001","0","true"
"244","0.001","0","true"
"245","0.001","0","true"
"246","0.001","0","true"
"247","0.001","0","true"
"248","0.001","0","true"
"249","0.001","0","true"
"250","0.001","0","true"
"251","0.001","0","true"

